frame_number,class_id,x1,y1,x2,y2,conf
0,1,0.057769775390625,78.67622375488281,9.821392059326172,100.18409729003906,0.795204222202301
0,0,357.45465087890625,140.80056762695312,371.0426025390625,154.37509155273438,0.45712560415267944
0,0,183.367431640625,194.53668212890625,199.51434326171875,210.22235107421875,0.3579036593437195
1,1,0.05771827697753906,78.67432403564453,9.828139305114746,100.18424224853516,0.7955499291419983
1,0,357.4571838378906,140.79940795898438,371.0435485839844,154.37051391601562,0.4560641050338745
1,0,183.2827911376953,194.52175903320312,199.5000762939453,210.22360229492188,0.39668479561805725
4,0,177.60760498046875,188.13169860839844,191.4493408203125,203.92018127441406,0.8480744361877441
5,0,175.82638549804688,186.59634399414062,189.02188110351562,201.50900268554688,0.8229050040245056
11,0,160.75643920898438,185.7428436279297,173.62826538085938,199.39698791503906,0.7347369194030762
12,0,159.57589721679688,185.30996704101562,173.66421508789062,199.19107055664062,0.8516092300415039
13,0,158.68724060058594,185.11093139648438,174.0056610107422,199.44332885742188,0.8116973638534546
14,0,158.16790771484375,184.6998291015625,174.08258056640625,199.43499755859375,0.8237937688827515
14,0,355.904296875,147.60128784179688,366.7708740234375,158.43295288085938,0.5044759511947632
16,0,164.6331787109375,185.40867614746094,177.35546875,199.26905822753906,0.403032124042511
17,0,167.64024353027344,186.0428466796875,180.83445739746094,200.03463745117188,0.7528250217437744
18,0,169.41036987304688,186.34091186523438,183.52731323242188,201.35421752929688,0.8550107479095459
19,0,171.30368041992188,188.80081176757812,185.9923095703125,204.31961059570312,0.8530498147010803
20,0,172.39480590820312,191.60191345214844,187.69696044921875,207.2686309814453,0.8859748244285583
21,0,175.6608123779297,195.10140991210938,190.55274963378906,209.92071533203125,0.8585484027862549
22,0,178.30796813964844,199.35801696777344,194.6009063720703,215.0853729248047,0.8803704380989075
23,0,182.29017639160156,205.44931030273438,198.0223846435547,222.52877807617188,0.8582963943481445
24,0,185.23202514648438,216.05780029296875,199.44515991210938,232.23260498046875,0.8633101582527161
25,0,187.968994140625,227.1767578125,202.352783203125,242.63433837890625,0.847385048866272
26,0,190.36871337890625,236.607421875,204.896484375,252.57733154296875,0.8408487439155579
27,0,190.16165161132812,238.17645263671875,204.36221313476562,253.8265380859375,0.8193723559379578
28,0,187.92068481445312,230.003173828125,201.654296875,245.7935791015625,0.7994367480278015
29,0,185.5267333984375,223.48309326171875,199.8004150390625,238.8524169921875,0.8665704131126404
30,0,182.326416015625,216.04312133789062,197.39990234375,231.69332885742188,0.8754664063453674
31,0,179.55117797851562,209.215576171875,195.06521606445312,225.94757080078125,0.8715510368347168
32,0,176.5623779296875,204.19940185546875,193.18704223632812,219.84515380859375,0.8535345196723938
33,0,173.5155029296875,198.2130889892578,191.32052612304688,215.5063934326172,0.8712198138237
34,0,173.114013671875,194.73074340820312,190.51446533203125,212.00924682617188,0.8623886704444885
35,0,173.1595916748047,191.949951171875,190.0686798095703,209.313232421875,0.8660354614257812
36,0,173.03172302246094,190.21498107910156,188.5756072998047,206.7765350341797,0.8807846307754517
37,0,173.46875,188.2577362060547,188.68658447265625,204.77272033691406,0.8710018992424011
38,0,173.74559020996094,186.9913330078125,189.1337432861328,203.57254028320312,0.8656541109085083
39,0,173.9557647705078,186.41659545898438,188.9320526123047,202.98977661132812,0.8619953989982605
40,0,173.80831909179688,186.483642578125,189.00009155273438,203.55050659179688,0.8690330982208252
41,0,174.65618896484375,187.49530029296875,189.06475830078125,204.1904296875,0.8604661822319031
42,0,175.90106201171875,190.16209411621094,189.14697265625,205.0409393310547,0.8187575936317444
43,0,176.95370483398438,193.47329711914062,190.39688110351562,207.40084838867188,0.8600550293922424
44,0,177.6298370361328,198.19793701171875,191.6248321533203,211.3756103515625,0.8416811227798462
45,0,178.14892578125,203.26702880859375,193.3692626953125,217.952392578125,0.8299002051353455
46,0,180.51303100585938,211.23541259765625,194.04904174804688,224.71844482421875,0.33007726073265076
48,0,182.58187866210938,228.4093475341797,195.91845703125,243.94740295410156,0.7935370802879333
49,0,182.415771484375,238.759765625,197.27197265625,254.7825927734375,0.43589892983436584
50,0,178.78558349609375,231.422607421875,194.00506591796875,247.08343505859375,0.8080267906188965
52,0,174.29164123535156,218.03692626953125,186.8574981689453,232.1544189453125,0.6490131616592407
52,0,506.546875,127.68510437011719,516.8033447265625,137.95664978027344,0.2761636972427368
55,0,164.79478454589844,203.56301879882812,178.32862854003906,216.47817993164062,0.40149059891700745
57,0,160.52435302734375,196.28155517578125,174.65103149414062,211.20556640625,0.8315293788909912
57,0,516.2508544921875,121.05557250976562,528.4229736328125,134.708251953125,0.4936486482620239
58,0,159.10128784179688,195.0927734375,173.2840576171875,209.87506103515625,0.8518691658973694
59,0,157.111572265625,194.56809997558594,171.78753662109375,210.0260467529297,0.8647602200508118
60,0,157.03561401367188,194.48545837402344,171.24191284179688,208.8556365966797,0.8721256852149963
61,0,156.66213989257812,194.67022705078125,170.66262817382812,207.91473388671875,0.8659802079200745
62,0,156.9849853515625,193.9082794189453,170.63674926757812,207.4054412841797,0.8148087859153748
63,0,157.29855346679688,193.25177001953125,172.48092651367188,208.3775634765625,0.7404994964599609
69,0,469.99127197265625,116.22164916992188,480.78289794921875,126.23464965820312,0.4755702316761017
70,0,612.140380859375,99.50970458984375,625.043212890625,111.2955322265625,0.8200508952140808
71,1,631.1581420898438,84.96022033691406,640.0,105.84632873535156,0.7435293197631836
72,1,623.7095947265625,86.03904724121094,640.0,105.3466796875,0.8409122824668884
73,1,616.062255859375,85.96015930175781,637.479248046875,106.83720397949219,0.8688795566558838
74,1,608.4334106445312,85.94419860839844,629.3150024414062,106.07499694824219,0.8720262050628662
75,1,601.1005859375,86.20942687988281,621.189208984375,105.83837890625,0.8787089586257935
76,1,593.701416015625,86.40818786621094,613.8453369140625,104.85054016113281,0.8806784749031067
76,0,164.55421447753906,217.88514709472656,178.71534729003906,233.05409240722656,0.8310738205909729
77,1,586.3043212890625,86.62628173828125,606.56787109375,105.42056274414062,0.8826676607131958
77,0,164.044677734375,217.24758911132812,177.85504150390625,232.19784545898438,0.5277059078216553
78,1,579.2872314453125,86.73068237304688,599.6693115234375,105.84381103515625,0.8858516812324524
79,1,572.3682250976562,86.93220520019531,592.7601928710938,105.52754211425781,0.8886046409606934
80,1,565.8715209960938,86.86248779296875,586.0010375976562,104.965087890625,0.8883495926856995
81,1,559.094482421875,87.10301208496094,578.8486328125,105.01487731933594,0.8875840306282043
81,0,169.9403076171875,212.119873046875,186.30194091796875,228.56002807617188,0.27665311098098755
82,1,552.6031494140625,86.84805297851562,571.992919921875,104.59365844726562,0.8873922824859619
83,1,545.90185546875,86.75312042236328,565.5068359375,105.0598373413086,0.8841580748558044
83,0,172.95025634765625,214.40829467773438,192.05926513671875,234.61846923828125,0.8460394740104675
84,1,538.6219482421875,86.77003479003906,558.15478515625,104.99386596679688,0.8850103616714478
84,0,183.2225799560547,220.27430725097656,198.04710388183594,235.92515563964844,0.8356656432151794
85,1,531.7156982421875,86.85855102539062,551.0111083984375,104.97344970703125,0.8929480910301208
85,0,186.1852569580078,228.1502685546875,202.1568145751953,245.2626953125,0.8338432908058167
86,1,524.6387939453125,87.19502258300781,544.0592041015625,104.96467590332031,0.8943055272102356
87,1,517.6168823242188,87.24958801269531,537.2459106445312,105.25425720214844,0.890838086605072
88,1,510.964111328125,87.54718017578125,530.2120361328125,105.64108276367188,0.8912773728370667
89,1,504.37335205078125,87.50814056396484,523.2335815429688,105.5239028930664,0.8896023631095886
89,0,386.82354736328125,35.67356491088867,398.83538818359375,48.975032806396484,0.26341089606285095
90,1,497.67608642578125,87.35332489013672,516.2608032226562,105.27584075927734,0.8908916115760803
91,1,491.34539794921875,87.51902770996094,509.48919677734375,104.71488952636719,0.8950433135032654
92,1,484.4459533691406,87.89752197265625,502.3739929199219,105.18893432617188,0.8952977657318115
93,1,477.716552734375,87.9947280883789,495.7454833984375,105.22216033935547,0.8870509266853333
94,1,471.3780517578125,88.4019775390625,489.1424560546875,106.18817138671875,0.8834720849990845
94,0,188.67303466796875,214.24124145507812,201.621826171875,228.72665405273438,0.6389639973640442
95,1,465.2938232421875,88.397216796875,482.8641357421875,106.2183837890625,0.8867574334144592
96,1,458.7867431640625,88.64425659179688,476.6240234375,106.34709167480469,0.8931032419204712
97,1,452.5801696777344,89.13101196289062,470.2814636230469,106.3443603515625,0.8901360034942627
98,1,446.48492431640625,89.38287353515625,464.60369873046875,106.83053588867188,0.8819172382354736
99,1,441.3070373535156,89.22179412841797,458.8059387207031,106.3726577758789,0.8829737305641174
100,1,436.26263427734375,89.5019760131836,453.79571533203125,107.25426483154297,0.8880932927131653
101,1,430.9422302246094,89.68731689453125,448.6782531738281,107.36105346679688,0.8764930963516235
101,0,227.22946166992188,218.72891235351562,244.16534423828125,235.97232055664062,0.44617748260498047
102,1,426.20068359375,89.80020904541016,443.6243896484375,107.5394058227539,0.8851112127304077
102,0,237.81381225585938,228.55307006835938,250.42062377929688,241.62759399414062,0.32364246249198914
103,1,421.5614013671875,90.29434204101562,439.0391845703125,107.64956665039062,0.8790563344955444
104,1,417.5498962402344,90.08656311035156,434.9469299316406,108.00163269042969,0.8816762566566467
105,1,413.35406494140625,90.45249938964844,430.7110595703125,107.91545104980469,0.8806747794151306
105,0,243.60989379882812,222.82437133789062,257.5111389160156,238.39810180664062,0.6128770709037781
106,1,409.65570068359375,90.43540954589844,426.90802001953125,108.33451843261719,0.8817147612571716
106,0,241.94497680664062,215.70848083496094,257.6938171386719,232.30128479003906,0.7552574872970581
107,1,405.8919677734375,90.673583984375,423.3546142578125,108.22970581054688,0.8802741765975952
107,0,227.7304229736328,233.484375,242.4826202392578,247.67608642578125,0.7978895902633667
108,1,402.41461181640625,90.65740966796875,419.99554443359375,108.70758056640625,0.889775812625885
109,1,399.2864990234375,90.68255615234375,416.6583251953125,108.53250122070312,0.8776005506515503
110,1,395.9297790527344,90.63917541503906,413.1571960449219,108.43275451660156,0.8903388381004333
111,1,393.06329345703125,90.48670959472656,410.17877197265625,108.37411499023438,0.8779869675636292
112,1,390.5931701660156,90.7874984741211,407.5616760253906,108.21532440185547,0.8717085123062134
113,1,387.8558654785156,91.0595932006836,404.5782165527344,108.4150619506836,0.8918991684913635
113,0,254.07965087890625,211.38616943359375,266.7474365234375,225.671142578125,0.4229179620742798
114,1,385.3863220214844,90.94361877441406,402.5306091308594,108.55671691894531,0.8807555437088013
115,1,383.16290283203125,90.82453918457031,400.48211669921875,108.59872436523438,0.877583384513855
116,1,380.62579345703125,91.27882385253906,397.82452392578125,108.91337585449219,0.8861966133117676
117,1,379.3687438964844,91.2574462890625,396.3456115722656,109.00593566894531,0.8954157829284668
118,1,377.5682373046875,91.64282989501953,394.47332763671875,109.34687042236328,0.8867052793502808
119,1,376.34661865234375,91.53408813476562,393.24224853515625,109.45193481445312,0.8798633813858032
120,1,375.09197998046875,91.45381927490234,392.19586181640625,109.49909210205078,0.8802392482757568
121,1,374.076904296875,91.64041137695312,391.341552734375,110.32501220703125,0.884046196937561
122,1,373.3506164550781,91.97029876708984,390.2426452636719,110.35169219970703,0.8894849419593811
123,1,372.7722473144531,91.88079833984375,389.6227111816406,110.52667236328125,0.893660306930542
123,0,344.2980041503906,159.62069702148438,358.1050720214844,173.94436645507812,0.3510618209838867
124,1,372.2247314453125,91.87882995605469,389.2122802734375,110.80853271484375,0.9020898938179016
125,1,371.6379699707031,91.78417205810547,388.7284851074219,110.65828704833984,0.90285325050354
126,1,371.12359619140625,92.10986328125,388.46783447265625,110.86532592773438,0.9034271836280823
127,1,370.7362060546875,92.1730728149414,388.3173828125,111.2565689086914,0.9042931199073792
128,1,370.4688720703125,92.56951141357422,388.37933349609375,111.99759674072266,0.9076125621795654
129,1,370.5419921875,92.97314453125,388.3438720703125,112.32180786132812,0.9004517197608948
130,1,370.11456298828125,93.22544860839844,388.25177001953125,112.10623168945312,0.8991373777389526
131,1,370.00689697265625,93.44998168945312,388.55645751953125,112.45684814453125,0.8953395485877991
132,1,370.3167419433594,93.76507568359375,388.9151306152344,112.85115051269531,0.8866993188858032
133,1,370.587158203125,94.19990539550781,389.1346435546875,113.26614379882812,0.8817539215087891
134,1,370.7657470703125,94.48544311523438,389.23980712890625,113.76014709472656,0.8806557655334473
135,1,371.05523681640625,94.81735229492188,389.37176513671875,113.82452392578125,0.8826977014541626
136,1,371.224365234375,95.05633544921875,389.81292724609375,114.32171630859375,0.8843882083892822
137,1,371.47589111328125,95.40475463867188,390.14532470703125,114.9200439453125,0.8891065120697021
138,1,371.85040283203125,95.57756042480469,390.34173583984375,115.40531921386719,0.8910008072853088
139,1,372.3277893066406,95.74725341796875,390.8573913574219,115.66372680664062,0.8914690613746643
140,1,372.6298828125,95.91351318359375,391.15576171875,115.99166870117188,0.8922544717788696
141,1,372.751220703125,95.75759887695312,391.448486328125,116.21328735351562,0.8919130563735962
142,1,373.02044677734375,95.68527221679688,391.9132080078125,116.24935913085938,0.8906297087669373
143,1,373.50146484375,95.80448913574219,392.4237060546875,116.51589965820312,0.8908803462982178
144,1,373.7225646972656,95.78134155273438,392.9095153808594,116.82685852050781,0.8923808932304382
145,1,373.9214172363281,95.68794250488281,393.4636535644531,117.15623474121094,0.8947300910949707
146,1,374.16015625,95.70492553710938,393.7562255859375,117.21490478515625,0.8954150080680847
146,0,348.88525390625,138.218994140625,360.8013916015625,149.2591552734375,0.6939959526062012
147,1,374.48065185546875,95.63746643066406,394.29779052734375,117.08346557617188,0.8957287073135376
148,1,374.8094482421875,95.53717041015625,394.82598876953125,117.18089294433594,0.8972748517990112
148,0,348.36199951171875,102.38140869140625,364.97650146484375,117.64790344238281,0.6490551233291626
149,1,375.40533447265625,95.49246215820312,395.214111328125,117.0543212890625,0.8960786461830139
149,0,349.0089111328125,102.27719116210938,365.08502197265625,116.83047485351562,0.7299861907958984
150,1,375.510498046875,95.48982238769531,395.51171875,117.40901184082031,0.8954789042472839
150,0,360.06512451171875,118.96685791015625,374.0887451171875,133.567138671875,0.7384892106056213
151,1,375.8105773925781,95.33660888671875,395.8993835449219,117.2562255859375,0.895731508731842
152,1,376.331787109375,95.35067749023438,396.4720458984375,117.1175537109375,0.8906776905059814
153,1,376.8560791015625,95.40164184570312,396.7039794921875,117.22073364257812,0.8889420032501221
154,1,376.5381164550781,95.27841186523438,397.1908874511719,117.1666259765625,0.8838127255439758
155,1,376.1304016113281,94.7789306640625,397.4720764160156,117.06423950195312,0.8790531158447266
156,1,376.781005859375,95.02415466308594,397.9459228515625,117.05314636230469,0.8804075121879578
156,0,378.9805908203125,68.12306213378906,393.9329833984375,81.88288879394531,0.763504147529602
157,1,377.0839538574219,95.12164306640625,398.0861511230469,117.35067749023438,0.8810986280441284
157,0,379.7935485839844,68.22113037109375,394.1694641113281,81.49951171875,0.6117545366287231
158,1,377.5146179199219,95.08358764648438,398.2821350097656,117.53245544433594,0.8855991959571838
158,0,380.94287109375,67.47677612304688,394.7877197265625,81.22634887695312,0.46212562918663025
159,1,377.7916259765625,95.31411743164062,398.68408203125,117.51370239257812,0.888028621673584
160,1,378.1876220703125,95.36181640625,398.95892333984375,117.48260498046875,0.888459324836731
160,0,380.45489501953125,66.98248291015625,395.57489013671875,82.34103393554688,0.48202821612358093
161,1,378.280029296875,95.44601440429688,399.2623291015625,117.7939453125,0.8897833824157715
161,0,380.87451171875,67.48701477050781,395.83349609375,82.71574401855469,0.7940144538879395
162,1,378.42657470703125,95.49827575683594,399.564697265625,118.06356811523438,0.8914749622344971
162,0,381.3212890625,67.53934478759766,396.150390625,82.64659881591797,0.8186742663383484
163,1,378.8340759277344,95.64390563964844,399.8347473144531,118.23214721679688,0.8932287693023682
163,0,381.45672607421875,67.71705627441406,396.37823486328125,82.77793884277344,0.8179689049720764
163,0,353.86279296875,104.66165161132812,368.3814697265625,118.06552124023438,0.3523174524307251
164,1,378.9892883300781,95.69268798828125,400.2500305175781,118.42367553710938,0.8967693448066711
164,0,354.2005615234375,104.65545654296875,369.13623046875,118.44461059570312,0.37937480211257935
165,1,379.16680908203125,95.94581604003906,400.50445556640625,118.76365661621094,0.9017091393470764
166,1,379.271728515625,95.86882019042969,400.755859375,118.78555297851562,0.9022082686424255
167,1,379.493896484375,95.97401428222656,401.0228271484375,119.26042175292969,0.9063741564750671
168,1,379.6103515625,95.95033264160156,401.21856689453125,119.35255432128906,0.907509446144104
168,0,354.59979248046875,105.10481262207031,369.41644287109375,118.87004089355469,0.5090138912200928
169,1,379.80047607421875,95.80184936523438,401.28277587890625,119.29739379882812,0.9058415293693542
169,0,354.80535888671875,104.95780944824219,369.99859619140625,118.87330627441406,0.5009502172470093
170,1,380.02105712890625,95.99525451660156,401.46185302734375,119.48167419433594,0.9068666100502014
170,0,355.048828125,104.83882141113281,369.956298828125,118.88557434082031,0.2932184636592865
171,1,380.01611328125,95.98724365234375,401.38238525390625,119.40109252929688,0.9066720008850098
171,0,354.78289794921875,105.68559265136719,370.02587890625,119.26664733886719,0.5212425589561462
172,1,379.9573974609375,96.00163269042969,401.4940185546875,119.56407165527344,0.9079232811927795
172,0,354.57958984375,105.59481811523438,369.78515625,119.09762573242188,0.5400010943412781
173,1,379.9788818359375,95.98524475097656,401.4962158203125,119.88719177246094,0.9093692898750305
174,1,379.657470703125,95.98899841308594,401.3614501953125,119.84375,0.9076570272445679
175,1,379.49365234375,96.02642822265625,401.27325439453125,119.80587768554688,0.9067044258117676
175,0,356.2710266113281,107.50886535644531,370.4739685058594,120.24504089355469,0.39000463485717773
176,1,379.4364013671875,96.13294982910156,401.1824951171875,120.00146484375,0.9066038727760315
177,1,379.4149475097656,96.17652893066406,401.1518249511719,120.00904846191406,0.9070917963981628
178,1,379.1287841796875,96.57644653320312,401.1104736328125,120.23333740234375,0.9071305394172668
179,1,378.884765625,96.57887268066406,401.04541015625,120.3863525390625,0.9054509997367859
179,0,407.43817138671875,169.54185485839844,417.97943115234375,180.1293487548828,0.29806798696517944
180,1,378.86322021484375,96.68949890136719,401.13421630859375,120.44636535644531,0.90511155128479
181,1,378.8988037109375,96.72755432128906,401.201171875,120.5361328125,0.9040338397026062
182,1,378.92144775390625,96.76387023925781,400.92694091796875,120.33332824707031,0.9040505290031433
183,1,378.94622802734375,96.89921569824219,400.77349853515625,120.43345642089844,0.9047142267227173
184,1,379.0468444824219,96.95419311523438,400.5467224121094,120.60296630859375,0.9045180678367615
184,0,390.21942138671875,80.86506652832031,401.72833251953125,91.63035583496094,0.2579430043697357
185,1,379.08221435546875,96.83381652832031,400.70806884765625,120.55514526367188,0.9027393460273743
185,0,390.00274658203125,81.62791442871094,401.72161865234375,92.79264831542969,0.6381895542144775
186,1,379.306396484375,96.52684020996094,400.6295166015625,120.10977172851562,0.9040882587432861
187,1,379.5059509277344,96.43409729003906,400.5696716308594,120.00483703613281,0.8996484279632568
188,1,379.5958251953125,96.53932189941406,400.5384521484375,120.24113464355469,0.9001734852790833
189,1,379.5893859863281,96.57115173339844,400.6668395996094,119.78306579589844,0.9010829329490662
190,1,379.54925537109375,96.89329528808594,400.83526611328125,119.94392395019531,0.9057754874229431
191,1,379.4551696777344,96.97335815429688,400.8523864746094,119.88758850097656,0.9029616713523865
192,1,379.594970703125,96.95964050292969,400.862060546875,119.98115539550781,0.8992124199867249
192,0,379.8761901855469,94.58892822265625,395.7898254394531,111.5,0.28233975172042847
193,1,379.65240478515625,97.28944396972656,400.80072021484375,120.2113037109375,0.8960058093070984
194,1,379.4013671875,97.06149291992188,400.8912353515625,119.95814514160156,0.898525595664978
195,1,378.36016845703125,96.80003356933594,400.75848388671875,119.62901306152344,0.8927590847015381
196,1,378.15625,96.96434020996094,400.253173828125,119.43171691894531,0.886262834072113
197,1,378.5511474609375,97.00196838378906,400.08984375,118.95170593261719,0.8868810534477234
198,1,378.81103515625,96.79103088378906,400.1761474609375,119.62068176269531,0.8856672644615173
199,1,378.7711181640625,96.92439270019531,399.6336669921875,119.27839660644531,0.8877233266830444
200,1,378.5610656738281,96.71543884277344,400.0913391113281,119.87443542480469,0.8819469213485718
200,0,378.344970703125,99.23089599609375,398.17041015625,121.23587036132812,0.3891652524471283
201,1,378.7950744628906,96.6595458984375,400.1612854003906,118.92399597167969,0.8855715990066528
202,1,378.8515625,96.97331237792969,400.624267578125,119.85128784179688,0.9012752771377563
203,1,379.07208251953125,97.05545043945312,400.55828857421875,119.89930725097656,0.9004399180412292
204,1,379.70758056640625,97.00439453125,400.915771484375,119.58320617675781,0.9037023186683655
205,1,379.67132568359375,96.86601257324219,400.98309326171875,119.31022644042969,0.903760552406311
206,1,379.7550048828125,96.78323364257812,400.9342041015625,119.11981201171875,0.9025986194610596
207,1,379.73651123046875,96.73991394042969,400.87481689453125,119.15629577636719,0.9034655690193176
208,1,379.7340087890625,96.7325439453125,400.88970947265625,119.22933959960938,0.903632640838623
208,0,384.42803955078125,160.7147216796875,394.78045654296875,172.1025390625,0.4003024995326996
209,1,379.6966552734375,96.69990539550781,400.92413330078125,119.32984924316406,0.9041987657546997
210,1,379.5098571777344,96.65863037109375,400.8867492675781,119.30511474609375,0.9050909280776978
211,1,379.557861328125,96.59506225585938,400.945556640625,119.31185913085938,0.9050360321998596
212,1,379.33782958984375,96.64776611328125,400.90008544921875,119.43887329101562,0.9046729803085327
213,1,379.2408142089844,96.72102355957031,400.9420471191406,119.48037719726562,0.9051427841186523
214,1,379.17974853515625,96.60556030273438,400.9114990234375,119.56561279296875,0.9053248763084412
215,1,379.1143798828125,96.56040954589844,400.8717041015625,119.47012329101562,0.9043183326721191
215,0,415.704345703125,186.17721557617188,430.1170654296875,200.1878662109375,0.30780911445617676
216,1,379.1016845703125,96.43968200683594,400.863037109375,119.54774475097656,0.9053059816360474
217,1,379.21282958984375,96.44570922851562,400.82122802734375,119.53536987304688,0.9054434895515442
218,1,379.20037841796875,96.47074890136719,400.82373046875,119.51397705078125,0.9055601954460144
218,0,398.052001953125,215.1895294189453,410.29498291015625,229.32505798339844,0.2558404803276062
219,1,379.20941162109375,96.45173645019531,400.76751708984375,119.51225280761719,0.9054110646247864
220,1,379.23052978515625,96.46926879882812,400.77203369140625,119.49658203125,0.9054786562919617
221,1,379.1182861328125,96.5379638671875,400.6932373046875,119.50752258300781,0.9059305787086487
222,1,379.03277587890625,96.51516723632812,400.71282958984375,119.51132202148438,0.9059684872627258
223,1,379.0147705078125,96.49153137207031,400.69183349609375,119.52552795410156,0.9056886434555054
224,1,379.0824890136719,96.49723815917969,400.7080383300781,119.51535034179688,0.9051116108894348
224,0,414.8410949707031,183.74501037597656,430.0800476074219,199.6317901611328,0.8541706800460815
225,1,379.1091003417969,96.52333068847656,400.7000427246094,119.54594421386719,0.9058690071105957
226,1,379.0956115722656,96.54421997070312,400.7280578613281,119.50033569335938,0.9059533476829529
226,0,422.40435791015625,175.89813232421875,441.60955810546875,194.299560546875,0.8565534353256226
227,1,379.0711364746094,96.5499267578125,400.7364807128906,119.51052856445312,0.9058511257171631
228,1,379.063720703125,96.53659057617188,400.7921142578125,119.55722045898438,0.9072573184967041
229,1,379.01824951171875,96.53622436523438,400.77960205078125,119.5579833984375,0.9068822264671326
230,1,378.7478942871094,96.41203308105469,400.5227966308594,119.42906188964844,0.9067049026489258
231,1,378.5492858886719,96.37127685546875,400.5213317871094,119.43057250976562,0.9058569073677063
232,1,378.5437316894531,96.34608459472656,400.5571594238281,119.449462890625,0.9066174030303955
233,1,378.51641845703125,96.29496765136719,400.54705810546875,119.44459533691406,0.9068326354026794
234,1,378.4305725097656,96.30850219726562,400.5293884277344,119.33438110351562,0.9060355424880981
234,0,445.589111328125,171.1914520263672,458.2989501953125,183.5452423095703,0.3956373333930969
235,1,378.2889404296875,96.28790283203125,400.4581298828125,119.2294921875,0.9065868258476257
235,0,447.47784423828125,172.1356201171875,460.88116455078125,184.80795288085938,0.7557528018951416
236,1,378.28509521484375,96.28450012207031,400.461669921875,119.24285888671875,0.9066029191017151
236,0,446.82916259765625,173.0655517578125,462.11663818359375,187.86569213867188,0.8330996632575989
237,1,378.1922607421875,96.1480712890625,400.439697265625,119.04273986816406,0.9046096205711365
237,0,450.3154296875,175.59738159179688,465.8885498046875,190.83517456054688,0.6060946583747864
238,1,378.2086181640625,95.92576599121094,400.5662841796875,118.90684509277344,0.9038665890693665
238,0,450.39056396484375,175.3331298828125,467.62554931640625,192.12799072265625,0.8507984280586243
239,1,378.2601318359375,95.86404418945312,400.61273193359375,118.87310791015625,0.9039229154586792
239,0,451.59033203125,175.2445068359375,467.5870361328125,191.202392578125,0.8632897138595581
240,1,378.35638427734375,95.81788635253906,400.67364501953125,118.79325866699219,0.9037976861000061
240,0,451.5,174.62899780273438,466.18243408203125,189.46405029296875,0.8550118803977966
241,1,378.34686279296875,95.81044006347656,400.68023681640625,118.79934692382812,0.9036017060279846
241,0,451.90447998046875,173.35400390625,466.38031005859375,187.61309814453125,0.8213157653808594
242,1,378.6690673828125,95.50117492675781,400.8763427734375,118.48417663574219,0.9014135003089905
242,0,451.7475891113281,169.85421752929688,465.8549499511719,184.29275512695312,0.6316980719566345
243,1,378.64385986328125,95.36323547363281,400.95843505859375,118.60552978515625,0.9010977149009705
243,0,449.9189453125,166.885986328125,464.71435546875,182.98431396484375,0.663598895072937
244,1,378.5313720703125,95.2034912109375,400.943359375,118.35647583007812,0.8964114785194397
245,1,378.7568359375,94.92860412597656,401.133544921875,118.11692810058594,0.8942044377326965
246,1,378.97650146484375,94.56686401367188,401.40985107421875,117.49012756347656,0.8945825695991516
247,1,379.33489990234375,94.2171630859375,401.85906982421875,117.26083374023438,0.8940222263336182
248,1,379.8873596191406,93.57719421386719,402.2979431152344,116.53974914550781,0.8970073461532593
249,1,380.6044921875,92.98345947265625,402.75469970703125,115.96987915039062,0.8982754349708557
250,1,381.0284423828125,92.19599914550781,403.380859375,115.08560180664062,0.8990919589996338
251,1,381.99798583984375,91.18089294433594,404.49615478515625,114.37635803222656,0.8940642476081848
252,1,383.13934326171875,90.27896118164062,405.64410400390625,113.08502197265625,0.8889266848564148
253,1,384.4521179199219,88.93771362304688,406.6423645019531,111.98065185546875,0.8977981209754944
254,1,385.63470458984375,87.91448974609375,407.95501708984375,110.839599609375,0.9007538557052612
255,1,386.6315612792969,86.72474670410156,409.4640197753906,109.65727233886719,0.8956393003463745
255,0,107.46102905273438,118.51275634765625,118.91690063476562,129.318115234375,0.315438836812973
256,1,387.99725341796875,85.56437683105469,410.53155517578125,108.40922546386719,0.8996116518974304
257,1,389.09222412109375,84.68128967285156,411.54083251953125,107.60234069824219,0.8994362950325012
258,1,390.3329772949219,83.75547790527344,412.8724060058594,107.13153076171875,0.8890528082847595
259,1,391.78912353515625,83.03224182128906,414.23455810546875,105.90794372558594,0.8811872005462646
260,1,393.1616516113281,81.90643310546875,415.3994445800781,104.84524536132812,0.8887438774108887
261,1,394.17559814453125,81.05899810791016,416.78570556640625,103.97490692138672,0.9035757780075073
262,1,395.6053161621094,80.21640014648438,418.0449523925781,103.28884887695312,0.9154135584831238
262,0,302.167724609375,189.5433349609375,315.972900390625,202.79620361328125,0.2867809534072876
263,1,396.7557678222656,79.66139221191406,419.4008483886719,102.59593200683594,0.9136046171188354
264,1,398.2119140625,78.87959289550781,420.898681640625,101.82325744628906,0.8965722322463989
265,1,399.8916015625,78.18421936035156,421.960693359375,100.91386413574219,0.8830277323722839
266,1,401.1351318359375,77.384033203125,423.16064453125,100.12992858886719,0.8824926614761353
266,0,358.26239013671875,241.5531005859375,375.23382568359375,258.18707275390625,0.5998091101646423
267,1,402.2308349609375,76.57051086425781,424.570068359375,99.50494384765625,0.8845069408416748
267,0,357.1882019042969,236.1652374267578,374.8038635253906,253.44549560546875,0.681675136089325
268,1,403.607177734375,75.67497253417969,426.07080078125,98.62141418457031,0.8949994444847107
268,0,355.5409240722656,230.15167236328125,373.9877014160156,248.6083984375,0.8300593495368958
269,1,404.63800048828125,75.09590148925781,427.19122314453125,97.69139099121094,0.9034279584884644
269,0,355.7156982421875,225.96461486816406,371.9718017578125,241.6695098876953,0.871189534664154
270,1,406.1787109375,74.48130798339844,428.806640625,96.95640563964844,0.8974007368087769
270,0,354.4998779296875,222.29046630859375,369.90185546875,238.11029052734375,0.8743469715118408
271,1,408.12908935546875,73.84146118164062,430.1446533203125,96.03341674804688,0.8905222415924072
271,0,353.4300842285156,219.820068359375,368.7834167480469,235.0341796875,0.8487729430198669
272,1,409.59771728515625,72.95982360839844,431.60797119140625,95.53901672363281,0.8958463072776794
272,0,351.26904296875,215.82752990722656,367.62255859375,232.50596618652344,0.8604080677032471
273,1,410.84716796875,72.21432495117188,433.101806640625,94.99050903320312,0.906076967716217
273,0,350.12591552734375,213.21694946289062,367.170654296875,230.94558715820312,0.8592739701271057
274,1,412.4336242675781,71.51460266113281,434.8250427246094,94.45805358886719,0.9088054895401001
274,0,349.5865173339844,210.6170654296875,366.4391784667969,228.2904052734375,0.8477275967597961
275,1,414.29644775390625,70.90045166015625,436.69952392578125,94.15411376953125,0.8981003761291504
275,0,349.19366455078125,209.0537872314453,365.88592529296875,226.29222106933594,0.8651856184005737
276,0,347.6768798828125,208.07162475585938,364.91217041015625,225.63079833984375,0.8823134899139404
276,1,416.22442626953125,70.09883880615234,438.19525146484375,93.09209442138672,0.8818393349647522
277,1,417.7470703125,69.16336822509766,440.0533447265625,92.1675033569336,0.8822464942932129
277,0,347.0279235839844,207.73455810546875,363.6858215332031,224.36929321289062,0.8814913034439087
278,1,419.3935241699219,68.26803588867188,442.0332336425781,91.697265625,0.8922658562660217
278,0,346.3184814453125,207.54898071289062,363.028564453125,224.04885864257812,0.8777147531509399
279,1,421.181884765625,67.44261169433594,443.88525390625,90.3924560546875,0.8988643288612366
279,0,345.6599426269531,207.71824645996094,362.3145446777344,224.47877502441406,0.8728993535041809
280,1,423.2838439941406,66.47171020507812,445.8612976074219,89.81097412109375,0.883247435092926
280,0,344.9893798828125,208.1209716796875,362.78466796875,225.6385498046875,0.8671250939369202
281,1,425.59930419921875,65.22355651855469,447.71966552734375,88.80380249023438,0.8918196558952332
281,0,345.078125,212.270751953125,362.8936767578125,230.17462158203125,0.8664006590843201
282,1,427.714599609375,64.17301940917969,450.1895751953125,87.80999755859375,0.9158958792686462
282,0,344.68798828125,221.58978271484375,362.238037109375,238.75765991210938,0.868665874004364
282,0,247.36868286132812,95.20263671875,260.3646545410156,107.43838500976562,0.2905876040458679
283,1,429.84307861328125,63.19623565673828,452.80328369140625,86.74236297607422,0.9019775986671448
283,0,344.6313781738281,229.44821166992188,361.1560363769531,245.65774536132812,0.8139540553092957
283,0,34.878089904785156,104.44062805175781,46.950584411621094,115.96049499511719,0.6351904273033142
284,1,432.57293701171875,62.22697448730469,455.11334228515625,85.81694030761719,0.8822278380393982
284,0,344.6275329589844,238.96694946289062,362.9931945800781,255.53530883789062,0.4648476839065552
285,1,434.97705078125,60.89045715332031,457.89312744140625,84.25660705566406,0.8902828097343445
286,1,437.483642578125,59.78627014160156,460.650146484375,83.18031311035156,0.8935130834579468
286,0,210.54434204101562,178.92044067382812,226.39736938476562,192.82754516601562,0.6364948153495789
287,1,440.65557861328125,58.60418701171875,463.91217041015625,81.83428955078125,0.8828575015068054
287,0,348.62750244140625,238.25323486328125,367.84954833984375,256.396728515625,0.8689896464347839
287,0,205.6574249267578,172.86160278320312,224.9967803955078,189.97171020507812,0.2931365668773651
288,1,444.05914306640625,57.395591735839844,466.93768310546875,80.41568756103516,0.9108468294143677
288,0,352.1537170410156,229.90850830078125,369.4383239746094,246.92031860351562,0.8305814862251282
289,1,447.91448974609375,56.22480773925781,470.58953857421875,79.45419311523438,0.8974419236183167
289,0,356.25091552734375,222.24029541015625,372.74127197265625,239.50811767578125,0.8716426491737366
290,1,451.42718505859375,55.150848388671875,474.5738525390625,78.79402160644531,0.9078915119171143
290,0,359.5577392578125,216.23464965820312,377.19140625,235.25820922851562,0.8720095157623291
291,1,455.61737060546875,54.316612243652344,478.45672607421875,77.8386459350586,0.8874357342720032
291,0,363.17779541015625,211.58203125,379.79583740234375,228.85305786132812,0.8643404245376587
292,1,459.7980041503906,53.259857177734375,482.3818664550781,76.53680419921875,0.8913071155548096
292,0,366.0800476074219,205.925537109375,383.2287902832031,223.49847412109375,0.8639291524887085
293,1,464.0226745605469,52.51310729980469,486.5069274902344,75.86491394042969,0.8775534629821777
293,0,367.6359558105469,202.22579956054688,386.0358581542969,220.23257446289062,0.860612154006958
294,1,468.32666015625,51.452369689941406,491.250244140625,75.33621978759766,0.9006233215332031
295,1,473.0971374511719,50.56962203979492,495.9801940917969,74.95622253417969,0.8808534741401672
295,0,373.1147766113281,196.24313354492188,390.4810485839844,214.24240112304688,0.8103809356689453
367,0,0.08563232421875,0.0,55.01853942871094,133.15875244140625,0.7612027525901794
368,0,0.0627593994140625,2.0155487060546875,106.25285339355469,139.52804565429688,0.8449337482452393
369,0,25.926849365234375,3.1915435791015625,159.01776123046875,144.82003784179688,0.8570820093154907
370,0,81.17677307128906,5.286529541015625,211.3904266357422,149.72952270507812,0.8570693135261536
371,0,133.10089111328125,5.0229949951171875,260.571044921875,153.6929931640625,0.8698427677154541
372,0,179.05282592773438,3.326507568359375,306.7492370605469,156.5028839111328,0.4767404794692993
377,0,386.91143798828125,3.6332778930664062,484.90985107421875,109.83780670166016,0.8670793175697327
399,0,526.6985473632812,174.36141967773438,545.3992309570312,191.87423706054688,0.7566995620727539
399,0,249.29434204101562,44.62225341796875,260.2911682128906,56.14631652832031,0.28871822357177734
400,0,524.8203735351562,180.42657470703125,542.8555297851562,197.51535034179688,0.8309035897254944
401,0,524.067626953125,187.887451171875,540.3916015625,203.83010864257812,0.8151429891586304
403,0,521.4037475585938,205.32354736328125,536.4158325195312,220.84283447265625,0.43342119455337524
407,0,518.2504272460938,225.8538055419922,536.3486938476562,242.1582489013672,0.5429367423057556
408,0,519.9540405273438,216.88949584960938,537.3619995117188,233.36160278320312,0.7620271444320679
409,0,521.43798828125,210.56396484375,537.25,226.11373901367188,0.7945316433906555
410,0,523.469970703125,202.99737548828125,538.508056640625,218.13873291015625,0.7646732926368713
411,0,523.23388671875,195.28341674804688,538.860107421875,211.3408203125,0.8191531300544739
412,0,523.4609985351562,189.13662719726562,540.1896362304688,205.71511840820312,0.8234775066375732
413,0,524.722412109375,183.42454528808594,541.556640625,199.86827087402344,0.8728981614112854
414,0,526.1004638671875,177.5068359375,542.1363525390625,193.28619384765625,0.8388987183570862
435,0,500.09796142578125,209.56201171875,517.0361328125,225.46490478515625,0.8418868780136108
436,0,497.89984130859375,220.54998779296875,513.822509765625,235.80819702148438,0.6784891486167908
438,0,495.36077880859375,217.03140258789062,511.171142578125,232.79135131835938,0.7169704437255859
439,0,330.1107177734375,50.22772979736328,340.3856201171875,62.39441680908203,0.40047281980514526
440,0,331.5967712402344,50.25331497192383,342.0652160644531,62.67347717285156,0.5648911595344543
441,0,493.9088439941406,196.1973876953125,508.3269348144531,209.79595947265625,0.3965083956718445
446,0,490.7250671386719,170.2176971435547,506.3208312988281,184.76649475097656,0.4738542139530182
447,0,490.5565490722656,166.50396728515625,505.9426574707031,181.33551025390625,0.7387984991073608
449,0,489.43267822265625,160.3375244140625,504.45660400390625,175.788818359375,0.3720177114009857
450,0,488.51904296875,159.23532104492188,503.75341796875,174.2042236328125,0.5729742050170898
451,0,488.09747314453125,157.89959716796875,503.13580322265625,172.31903076171875,0.7736491560935974
451,0,557.4674072265625,61.24462890625,572.7896728515625,75.0994873046875,0.6702471375465393
452,0,487.32147216796875,156.84695434570312,502.28631591796875,171.38101196289062,0.820168673992157
453,0,486.6044921875,156.24435424804688,501.992919921875,170.89102172851562,0.823616623878479
454,0,485.60748291015625,155.976318359375,501.01898193359375,170.639404296875,0.33676713705062866
456,0,484.1343994140625,156.55360412597656,499.3447265625,170.4188995361328,0.553512692451477
457,0,483.7583312988281,157.13113403320312,498.6373596191406,170.87530517578125,0.652053713798523
458,0,483.33953857421875,158.25526428222656,498.32843017578125,172.0055389404297,0.7544384598731995
459,0,482.833251953125,160.25912475585938,497.4654541015625,174.08724975585938,0.6321550607681274
460,0,482.18658447265625,162.92178344726562,496.77020263671875,176.82052612304688,0.6582052707672119
461,0,481.4804992675781,166.0804443359375,495.9739074707031,180.4683837890625,0.8053727746009827
462,0,481.17449951171875,169.80755615234375,496.22747802734375,185.08355712890625,0.852326512336731
463,0,481.61053466796875,176.0115966796875,495.44146728515625,189.53515625,0.8221719264984131
464,0,482.30712890625,182.87472534179688,497.20538330078125,197.46218872070312,0.7769054770469666
465,0,483.1551208496094,191.6201171875,498.1837463378906,206.3162841796875,0.8468382954597473
466,0,485.2764892578125,200.66676330566406,499.868896484375,214.8190155029297,0.7563773393630981
466,1,0.109283447265625,0.06255626678466797,16.169456481933594,11.69533920288086,0.26372215151786804
467,0,480.98785400390625,208.73486328125,500.345947265625,227.6619873046875,0.7248607873916626
468,0,563.2661743164062,68.37979888916016,576.5198364257812,81.42560577392578,0.28261420130729675
469,0,488.1914367675781,222.53575134277344,503.2767639160156,236.3521270751953,0.5555803179740906
470,0,253.41604614257812,89.90432739257812,266.2871398925781,102.35006713867188,0.40545493364334106
471,0,254.000732421875,89.02940368652344,267.254150390625,102.23548889160156,0.4378267824649811
505,1,0.018201828002929688,55.287445068359375,6.081718444824219,78.36257934570312,0.7670860886573792
506,1,0.018411636352539062,55.28614807128906,8.361898422241211,78.20503234863281,0.8292779922485352
507,1,0.018777847290039062,55.468017578125,10.511423110961914,78.92160034179688,0.8516004681587219
508,1,0.010434150695800781,55.646728515625,12.25373363494873,79.06901550292969,0.8660962581634521
509,1,0.008441925048828125,56.280548095703125,14.608538627624512,79.32211303710938,0.8767329454421997
510,1,0.012115478515625,56.373077392578125,16.329608917236328,79.51791381835938,0.8889210224151611
510,0,549.1212158203125,173.37020874023438,561.8868408203125,188.31381225585938,0.73929363489151
511,1,0.0,56.74158477783203,18.252410888671875,79.9286880493164,0.8964766263961792
511,0,549.4869384765625,170.17587280273438,563.757568359375,184.48458862304688,0.865413248538971
512,1,0.0,56.93876647949219,20.257566452026367,80.20170593261719,0.9035859107971191
512,0,551.084228515625,167.4110107421875,565.743896484375,181.7244873046875,0.8356477618217468
513,1,0.012226104736328125,57.34217834472656,22.06869888305664,80.57905578613281,0.8952786922454834
513,0,552.2986450195312,164.7605743408203,567.7837524414062,179.4828643798828,0.7980340719223022
514,1,0.3887500762939453,58.17376708984375,24.132781982421875,81.34658813476562,0.8875545263290405
514,0,553.1513671875,162.45281982421875,569.209716796875,178.04019165039062,0.7610630393028259
514,0,3.4807095527648926,50.53813934326172,17.670860290527344,63.979942321777344,0.2726735770702362
515,1,2.4215240478515625,58.74517822265625,26.09238624572754,81.610595703125,0.8928666710853577
516,1,4.696567535400391,59.276939392089844,28.133277893066406,81.99346160888672,0.9008080363273621
516,0,62.20771026611328,208.26925659179688,78.34563446044922,223.03482055664062,0.34958499670028687
517,1,6.434486389160156,59.605865478515625,29.81609344482422,82.53041076660156,0.8827016949653625
517,0,13.385918617248535,50.37677764892578,25.64849090576172,62.92169952392578,0.27920517325401306
518,1,8.477417945861816,60.22679138183594,31.771804809570312,83.01942443847656,0.881371259689331
518,0,14.055049896240234,51.40199661254883,26.481460571289062,63.51545715332031,0.3821713626384735
519,1,11.142840385437012,60.97698974609375,33.92853927612305,83.34310913085938,0.8885071277618408
520,1,12.88125228881836,61.282073974609375,36.0821533203125,83.95037841796875,0.8956294655799866
520,0,580.0143432617188,84.94728088378906,593.5567016601562,98.17567443847656,0.35657286643981934
521,1,15.051021575927734,61.66795349121094,37.609886169433594,84.05885314941406,0.8862018585205078
521,0,557.8358154296875,156.93768310546875,574.6324462890625,173.4217529296875,0.5454603433609009
522,1,16.671894073486328,62.19640350341797,39.6650276184082,85.06612396240234,0.887033998966217
522,0,557.7760009765625,156.83157348632812,573.9783935546875,173.55303955078125,0.31900516152381897
523,1,18.62554931640625,62.926239013671875,41.344303131103516,85.322998046875,0.8971008658409119
524,1,19.94641876220703,62.96319580078125,42.98054504394531,85.79209899902344,0.907762348651886
525,1,22.149539947509766,63.579803466796875,44.84537887573242,85.95941162109375,0.9048082232475281
526,1,23.899085998535156,63.97351837158203,46.46837615966797,86.58415985107422,0.9000981450080872
527,1,25.80010223388672,64.303955078125,48.315032958984375,86.84088134765625,0.9085803627967834
528,1,27.674524307250977,64.69418334960938,49.879417419433594,87.10488891601562,0.9162911772727966
529,1,29.258852005004883,64.97877502441406,51.75553894042969,87.25872802734375,0.9147555828094482
530,1,31.175329208374023,65.46194458007812,53.449241638183594,87.7197265625,0.9040542244911194
530,0,0.0,112.47166442871094,8.57332706451416,129.41661071777344,0.25804460048675537
531,1,32.95538330078125,65.68429565429688,55.4913330078125,88.26171875,0.8960753083229065
532,1,34.82032775878906,66.32520294189453,57.016929626464844,88.47418975830078,0.9033138751983643
533,1,36.394081115722656,66.63032531738281,58.76532745361328,88.88272094726562,0.9112580418586731
534,1,38.172935485839844,67.26048278808594,60.308982849121094,89.14640808105469,0.9048693180084229
535,1,39.65064239501953,67.68724060058594,61.75843811035156,89.49671936035156,0.8890855312347412
536,1,41.15101623535156,68.0953140258789,63.19792938232422,90.0217514038086,0.883979856967926
537,1,42.92903137207031,68.52540588378906,64.70956420898438,90.20022583007812,0.8871897459030151
538,1,44.1710205078125,68.70083618164062,66.01093292236328,90.45352172851562,0.8978654742240906
539,1,45.388893127441406,69.00003051757812,67.6108169555664,90.76260375976562,0.8969968557357788
540,1,47.073089599609375,69.42250061035156,68.86717987060547,90.96615600585938,0.8871802091598511
541,1,48.31266784667969,69.52450561523438,69.81591796875,91.27896118164062,0.8798633217811584
542,1,49.741004943847656,69.89984893798828,71.39865112304688,91.57613372802734,0.8844634890556335
543,1,51.14900207519531,70.31718444824219,72.56640625,91.77037048339844,0.8901278972625732
544,1,52.296653747558594,70.49871826171875,73.84917449951172,91.97869873046875,0.8960967659950256
544,0,578.7083740234375,167.67913818359375,591.5836181640625,181.86029052734375,0.7354758381843567
545,1,53.622623443603516,70.83863067626953,75.3145751953125,92.1536636352539,0.8999649882316589
545,0,578.681396484375,166.1253662109375,592.409912109375,180.91082763671875,0.7721972465515137
546,1,54.817909240722656,71.10548400878906,76.59636688232422,92.31509399414062,0.8968744874000549
546,0,579.2159423828125,165.00592041015625,592.9888916015625,179.84503173828125,0.6945938467979431
546,0,60.97933578491211,61.13771057128906,72.69805908203125,73.381103515625,0.36224934458732605
547,1,56.08161926269531,71.09181213378906,77.77949523925781,92.66520690917969,0.8883060216903687
547,0,606.3060302734375,91.87104797363281,619.5762939453125,104.22346496582031,0.3971726894378662
547,0,61.437007904052734,61.718536376953125,73.79293823242188,74.06619262695312,0.27099528908729553
548,1,57.708030700683594,71.32876586914062,79.1915512084961,92.87152099609375,0.8931140899658203
548,0,607.2955322265625,92.18603515625,620.2801513671875,104.40756225585938,0.6348707675933838
548,0,61.894344329833984,61.58674621582031,74.32785034179688,73.95829772949219,0.329008549451828
549,1,59.100765228271484,71.74070739746094,80.35086059570312,92.8736572265625,0.9014801383018494
549,0,608.4622802734375,92.60858154296875,621.0875244140625,104.83236694335938,0.573327898979187
549,0,63.38412094116211,61.37987518310547,75.15194702148438,73.49437713623047,0.32352909445762634
550,1,60.1898193359375,71.82598876953125,81.64675903320312,93.21006774902344,0.9085112810134888
550,0,609.7052001953125,93.1304931640625,622.2154541015625,105.39166259765625,0.4336335062980652
551,1,61.53636169433594,72.03916931152344,82.8756103515625,93.41255187988281,0.9070518612861633
552,1,62.76007080078125,72.14840698242188,84.14527893066406,93.41963195800781,0.9044457077980042
553,1,63.89995574951172,72.16363525390625,85.35259246826172,93.5340576171875,0.9018739461898804
554,1,65.16517639160156,72.31057739257812,86.40885925292969,93.92730712890625,0.9005407094955444
555,1,66.35780334472656,72.54559326171875,87.40553283691406,93.88632202148438,0.905826985836029
556,1,67.32831573486328,72.57697296142578,88.49031829833984,93.9179916381836,0.9103192090988159
557,1,68.34249877929688,72.65162658691406,89.34074401855469,93.93792724609375,0.9091812372207642
558,1,69.2344741821289,72.54911041259766,90.30672454833984,93.93485260009766,0.9072239398956299
559,1,70.14753723144531,72.70057678222656,91.37857055664062,94.12110900878906,0.9070187211036682
560,1,71.205078125,72.88166046142578,92.35565185546875,94.23395538330078,0.9030477404594421
561,1,72.33518981933594,72.88912963867188,93.35975646972656,94.31600952148438,0.9022644758224487
562,1,73.31640625,73.02037048339844,94.21328735351562,94.46466064453125,0.897594153881073
563,1,74.38972473144531,73.26213073730469,95.54241943359375,94.5869140625,0.9020218849182129
564,1,75.55447387695312,73.38514709472656,96.27957153320312,94.51914978027344,0.9076782464981079
565,1,76.36372375488281,73.547607421875,97.10765075683594,94.66958618164062,0.9111387133598328
566,1,77.43120574951172,73.56787109375,98.00940704345703,94.84005737304688,0.9092712998390198
567,1,78.25369262695312,73.83143615722656,99.11044311523438,94.88641357421875,0.9085829854011536
568,1,79.14332580566406,73.90548706054688,99.89749145507812,95.06069946289062,0.9040362238883972
568,0,85.15740203857422,64.6751937866211,97.7040023803711,77.33121490478516,0.28418347239494324
569,1,80.1056137084961,74.11468505859375,100.90259552001953,95.13058471679688,0.9000656008720398
569,0,421.444580078125,126.66909790039062,432.406982421875,139.47836303710938,0.4744011163711548
569,0,85.34883117675781,65.296142578125,98.37336730957031,77.81716918945312,0.26941174268722534
570,1,81.11602020263672,74.11808776855469,101.73731231689453,95.46481323242188,0.8982144594192505
570,0,86.13456726074219,65.31251525878906,99.14936828613281,77.82658386230469,0.2815059721469879
571,1,82.0074462890625,74.68019104003906,102.5693359375,95.39402770996094,0.8982807993888855
572,1,82.95231628417969,74.78701782226562,103.44549560546875,95.65916442871094,0.9033171534538269
573,1,83.91856384277344,74.92814636230469,104.33161926269531,95.70109558105469,0.909173846244812
574,1,84.97186279296875,74.95257568359375,105.23333740234375,95.83987426757812,0.9094603657722473
575,1,85.9908218383789,75.07469177246094,106.27129364013672,95.92179870605469,0.9097971320152283
576,1,86.87113952636719,75.32803344726562,107.20846557617188,96.11741638183594,0.9083893895149231
577,1,87.73399353027344,75.84982299804688,108.02616882324219,96.27149963378906,0.9063412547111511
577,0,569.9293212890625,155.7454833984375,584.3187255859375,169.3988037109375,0.689855694770813
577,0,93.58724212646484,66.45491027832031,105.2366714477539,78.35322570800781,0.2634349763393402
578,1,88.71812438964844,75.79905700683594,108.82545471191406,96.45903015136719,0.9008116722106934
578,0,569.234619140625,155.18759155273438,584.04345703125,169.21810913085938,0.8059675097465515
579,1,89.65614318847656,75.86669921875,109.76692199707031,96.39474487304688,0.8976984620094299
579,0,568.772216796875,154.92779541015625,582.87353515625,168.2637939453125,0.7779893279075623
580,1,90.49940490722656,76.05809020996094,110.66923522949219,96.61067199707031,0.8953393697738647
580,0,568.3929443359375,154.75364685058594,582.5653076171875,168.0296173095703,0.7824299931526184
581,1,91.48808288574219,76.28136444091797,111.56968688964844,96.72525787353516,0.8974615335464478
581,0,568.0753784179688,154.69390869140625,582.5910034179688,167.90625,0.7633543610572815
581,0,96.8437271118164,67.059814453125,108.12383270263672,78.7664794921875,0.33592382073402405
582,1,92.7054443359375,76.48893737792969,112.68954467773438,96.96543884277344,0.9019157290458679
582,0,566.8536376953125,154.3505859375,582.0533447265625,168.03656005859375,0.6723667979240417
583,1,93.69087219238281,76.73336791992188,113.65983581542969,96.91604614257812,0.9032376408576965
583,0,565.964599609375,154.30230712890625,581.513671875,168.10443115234375,0.5976791977882385
584,1,94.74638366699219,76.7158203125,114.77940368652344,97.09706115722656,0.9015591740608215
584,0,565.173583984375,154.4005126953125,580.659912109375,168.01007080078125,0.5888039469718933
585,1,96.0048828125,76.89604187011719,115.79522705078125,97.32591247558594,0.8987883925437927
585,0,564.8740234375,154.32656860351562,579.69287109375,167.73458862304688,0.6904932856559753
586,1,97.14167785644531,76.84735107421875,116.891845703125,97.505859375,0.8934406638145447
587,1,98.03102111816406,76.98186492919922,117.94558715820312,97.61774444580078,0.8877313733100891
588,1,99.2349853515625,76.94976806640625,119.04269409179688,97.72337341308594,0.8902519345283508
589,1,100.5439682006836,77.49473571777344,120.22931671142578,97.83308410644531,0.8915057182312012
590,1,101.67504119873047,77.75001525878906,121.25934600830078,98.09542846679688,0.8859830498695374
591,1,102.69265747070312,77.90005493164062,122.38905334472656,98.25630187988281,0.8854886889457703
592,1,103.89247131347656,77.96470642089844,123.66435241699219,98.22660827636719,0.8855528831481934
593,1,105.36178588867188,78.0327377319336,124.95167541503906,98.40790557861328,0.8822742700576782
594,1,106.2982177734375,78.43034362792969,126.04470825195312,98.63162231445312,0.8823867440223694
595,1,107.68095397949219,78.60140991210938,127.61430358886719,98.6712646484375,0.889500617980957
596,1,109.11721801757812,78.8504638671875,128.72442626953125,98.96087646484375,0.8890698552131653
597,1,110.21586608886719,78.85890197753906,129.8738555908203,99.07023620605469,0.891176164150238
598,1,111.46720886230469,79.23396301269531,131.24903869628906,99.21092224121094,0.8953738212585449
599,1,113.10939025878906,79.49223327636719,132.41958618164062,99.20326232910156,0.8923298120498657
600,1,114.23403930664062,79.36396789550781,133.68399047851562,99.330078125,0.8847077488899231
601,1,115.30271911621094,79.8779525756836,134.99249267578125,99.4992446899414,0.8962007164955139
602,1,116.93165588378906,80.02372741699219,136.26449584960938,99.85127258300781,0.8938677906990051
603,1,118.08641052246094,79.97235870361328,137.5941619873047,99.94220733642578,0.8951160907745361
604,1,119.31645202636719,80.19630432128906,138.8367156982422,99.92851257324219,0.8969811201095581
605,1,120.76634216308594,80.43598937988281,139.87745666503906,100.03004455566406,0.8979699611663818
606,1,121.81629943847656,80.54114532470703,141.2202911376953,100.4176254272461,0.8905547261238098
607,1,123.03343963623047,80.89935302734375,142.3363037109375,100.71002197265625,0.8953693509101868
607,0,563.371826171875,154.614501953125,576.183837890625,166.9810791015625,0.4297023415565491
608,1,124.41219329833984,80.94570922851562,143.48641967773438,100.75544738769531,0.8984570503234863
609,1,125.30366516113281,81.07273864746094,144.87709045410156,101.28013610839844,0.8986871242523193
610,1,126.40667724609375,81.31550598144531,146.017578125,101.22967529296875,0.8952136039733887
611,1,127.77369689941406,81.23452758789062,147.0587921142578,101.08943176269531,0.8947435021400452
612,1,129.24838256835938,81.3682861328125,148.53421020507812,101.13847351074219,0.890989363193512
613,1,130.3831787109375,81.66740417480469,149.66693115234375,101.45710754394531,0.8880613446235657
614,1,131.84603881835938,81.66990661621094,151.02529907226562,101.57363891601562,0.8950298428535461
615,1,133.22865295410156,81.90464782714844,152.3368682861328,101.62709045410156,0.8954259157180786
616,1,134.13494873046875,81.90223693847656,153.51327514648438,101.68974304199219,0.8947934508323669
617,1,135.51116943359375,82.08578491210938,154.67828369140625,101.9058837890625,0.8934633135795593
618,1,136.95059204101562,82.64094543457031,156.07357788085938,102.01780700683594,0.8891680836677551
619,1,137.98178100585938,82.53142547607422,156.93695068359375,101.9849624633789,0.8909417986869812
620,1,139.2398223876953,82.92008972167969,158.06333923339844,102.04142761230469,0.8915733098983765
621,1,140.7091064453125,82.96650695800781,159.70492553710938,102.22831726074219,0.8958505988121033
622,1,141.8435821533203,82.98353576660156,160.91761779785156,102.31513977050781,0.896324634552002
623,1,142.81643676757812,82.99862670898438,161.88345336914062,102.32783508300781,0.8985131978988647
624,1,144.08848571777344,83.08981323242188,162.8557891845703,102.43069458007812,0.8994799256324768
625,1,145.366455078125,83.17767333984375,164.03836059570312,102.5555419921875,0.8987312316894531
626,1,146.42327880859375,83.21890258789062,165.1302490234375,102.87252807617188,0.8969869017601013
627,1,147.5583953857422,83.44770812988281,166.1476287841797,102.61882019042969,0.8950791954994202
628,1,148.721435546875,83.79110717773438,166.76324462890625,102.83540344238281,0.8967534303665161
629,1,149.8164825439453,83.74496459960938,168.08018493652344,102.88180541992188,0.8953962326049805
630,1,150.85202026367188,83.90794372558594,169.18136596679688,103.07765197753906,0.8970327377319336
631,1,151.8027801513672,83.95379638671875,170.1347198486328,103.05682373046875,0.8981404304504395
632,1,152.80593872070312,84.10433197021484,171.14968872070312,103.3653793334961,0.9007115960121155
633,1,153.70677185058594,84.12484741210938,172.0624542236328,103.53778076171875,0.9032810926437378
634,1,154.679931640625,84.26325988769531,172.92056274414062,103.66319274902344,0.9036601781845093
634,0,584.8580322265625,156.5322723388672,599.9876708984375,169.61997985839844,0.8119423389434814
635,1,155.7366485595703,84.39877319335938,173.93544006347656,103.70587158203125,0.9050794243812561
635,0,586.2054443359375,154.83445739746094,600.8834228515625,167.7855682373047,0.500868558883667
636,1,156.47329711914062,84.68305969238281,174.36196899414062,103.65122985839844,0.9039990901947021
637,1,157.10723876953125,84.8507080078125,175.09478759765625,103.7894287109375,0.9023882150650024
638,1,157.54063415527344,84.74839782714844,175.70777893066406,103.96772766113281,0.9027087688446045
639,1,157.76548767089844,84.70430755615234,175.9746856689453,103.91699981689453,0.9024763703346252
640,1,157.98016357421875,84.74244689941406,176.24560546875,103.64103698730469,0.9024805426597595
641,1,157.99996948242188,84.74568176269531,176.25180053710938,103.64189147949219,0.9023054242134094
642,1,158.034423828125,84.74050903320312,176.062744140625,103.60836791992188,0.9010307788848877
643,1,158.09347534179688,84.77262878417969,175.97976684570312,103.40510559082031,0.8998881578445435
644,1,157.939453125,84.79769897460938,175.8389892578125,103.43392944335938,0.8998458981513977
645,1,157.6871337890625,84.73283386230469,175.70217895507812,103.38728332519531,0.8990644216537476
646,1,157.42471313476562,84.82333374023438,175.50973510742188,103.37191772460938,0.8991959691047668
647,1,156.9901123046875,84.73419189453125,175.236328125,103.21620178222656,0.8991973996162415
648,1,156.6600799560547,84.7015151977539,174.85887145996094,103.06134796142578,0.8984072208404541
649,1,156.1527099609375,84.57177734375,174.30288696289062,102.8173828125,0.8990780711174011
650,1,155.5580596923828,84.61137390136719,173.8246612548828,102.90715026855469,0.8992177248001099
651,1,155.05264282226562,84.50186157226562,173.43490600585938,103.04759216308594,0.8987528681755066
651,0,584.1953125,184.210205078125,597.040771484375,196.31451416015625,0.37156060338020325
652,1,154.41107177734375,84.46183776855469,172.90032958984375,103.11799621582031,0.8981884121894836
652,0,584.0266723632812,176.58062744140625,596.7113647460938,189.19482421875,0.40459510684013367
653,1,153.916015625,84.45421600341797,172.36138916015625,103.2071762084961,0.8990300297737122
653,0,583.8436279296875,170.30075073242188,596.8917236328125,183.51675415039062,0.7744297981262207
654,1,153.38864135742188,84.52670288085938,171.73861694335938,103.06117248535156,0.8979381918907166
655,1,152.96978759765625,84.62431335449219,171.5009765625,103.05299377441406,0.8966653347015381
656,1,152.59744262695312,84.66529846191406,170.60910034179688,102.92596435546875,0.8931394815444946
657,1,152.22015380859375,84.69757080078125,170.08474731445312,102.84783935546875,0.8917239904403687
658,1,151.75808715820312,84.92045593261719,169.552001953125,102.90777587890625,0.8909687399864197
659,1,151.42044067382812,84.93598937988281,169.34603881835938,103.01130676269531,0.8927364349365234
660,1,150.97418212890625,84.99787902832031,168.90179443359375,103.12593078613281,0.893332839012146
661,1,150.6890869140625,84.99464416503906,168.45013427734375,103.13236999511719,0.8944461345672607
662,1,150.34939575195312,85.0020523071289,168.1500244140625,103.33000946044922,0.895363450050354
663,1,150.09469604492188,85.10424041748047,167.80911254882812,103.4159164428711,0.8953156471252441
664,1,149.7081298828125,85.30204772949219,167.4581298828125,103.62648010253906,0.8969048261642456
664,0,602.3309326171875,102.82870483398438,613.891845703125,114.07339477539062,0.5042656660079956
665,1,149.32186889648438,85.44287109375,167.18984985351562,103.79678344726562,0.8977768421173096
665,0,601.7612915039062,102.86325073242188,613.4714965820312,113.98611450195312,0.3660094141960144
666,1,148.927001953125,85.36041259765625,166.77056884765625,103.76266479492188,0.898685097694397
667,1,148.51161193847656,85.35043334960938,166.3771209716797,103.74826049804688,0.9011698365211487
668,1,148.3029327392578,85.37236022949219,166.1642303466797,103.86614990234375,0.9015795588493347
668,0,597.5048217773438,102.5702133178711,608.7168579101562,113.33557891845703,0.3398945927619934
669,1,148.09629821777344,85.53114318847656,165.97239685058594,103.76551818847656,0.9023450016975403
669,0,596.0830078125,102.90337371826172,607.876708984375,113.9730453491211,0.5413001775741577
670,1,147.85137939453125,85.55038452148438,165.77081298828125,103.87471008300781,0.9024980068206787
671,1,147.47039794921875,85.74638366699219,165.53952026367188,103.98121643066406,0.9027254581451416
672,1,147.1829833984375,85.70684814453125,165.27606201171875,104.03842163085938,0.902633786201477
673,1,147.0603790283203,85.7696304321289,164.7613983154297,104.1635971069336,0.9024606347084045
673,0,565.530029296875,133.02084350585938,577.141357421875,145.52957153320312,0.787612795829773
674,1,146.90249633789062,85.95126342773438,164.5965576171875,104.27685546875,0.9010511040687561
674,0,564.416259765625,133.39608764648438,577.261474609375,147.71041870117188,0.6752481460571289
675,1,146.831298828125,86.21908569335938,164.4725341796875,104.3927001953125,0.8985080718994141
676,1,146.83355712890625,86.20874786376953,164.47955322265625,104.38062286376953,0.8979538083076477
677,1,146.85293579101562,86.51448059082031,164.2984619140625,104.49137878417969,0.8972145318984985
678,1,146.69033813476562,86.66629791259766,164.20547485351562,104.58501434326172,0.8962397575378418
679,1,146.6634063720703,86.69142150878906,164.20399475097656,104.61993408203125,0.896155595779419
680,1,146.69140625,86.9384765625,164.21990966796875,104.7811279296875,0.896415114402771
681,1,146.73208618164062,87.0255126953125,164.22747802734375,104.80126953125,0.8972358703613281
682,1,146.86807250976562,87.17619323730469,164.27902221679688,104.92811584472656,0.8982972502708435
683,1,147.00473022460938,87.39122009277344,164.32156372070312,105.06190490722656,0.8991942405700684
684,1,147.02622985839844,87.5263442993164,164.39219665527344,105.2230453491211,0.8986563086509705
685,1,147.30093383789062,87.5780029296875,164.460205078125,105.21003723144531,0.8996286392211914
686,1,147.70497131347656,87.57911682128906,164.73582458496094,105.18852233886719,0.8998923301696777
687,1,148.11386108398438,87.80894470214844,164.97189331054688,105.16926574707031,0.8991106748580933
688,1,148.35633850097656,87.72178649902344,165.32643127441406,105.19102478027344,0.897050678730011
689,1,148.67160034179688,87.833984375,165.612548828125,105.29214477539062,0.8949418663978577
690,1,148.92477416992188,87.88836669921875,165.99215698242188,105.44219970703125,0.8940677046775818
691,1,149.17550659179688,87.92454528808594,166.36672973632812,105.48301696777344,0.8916869163513184
692,1,149.49945068359375,88.00669860839844,166.7261962890625,105.51701354980469,0.8892895579338074
693,1,149.7572021484375,87.96276092529297,166.842041015625,105.4801254272461,0.8872665762901306
694,1,150.19482421875,87.95182800292969,167.3565673828125,105.41220092773438,0.8838297128677368
695,1,150.4111785888672,88.04402160644531,167.87620544433594,105.93434143066406,0.8807281255722046
696,1,150.6546630859375,88.10687255859375,167.95611572265625,105.55474853515625,0.8831759095191956
697,1,151.0868377685547,88.2204818725586,168.0990447998047,105.64044952392578,0.8804441094398499
697,0,235.08828735351562,180.56533813476562,251.43856811523438,199.88223266601562,0.596937358379364
698,1,151.29483032226562,88.29423522949219,168.4832763671875,105.73519897460938,0.8787458539009094
699,1,151.59786987304688,88.36075592041016,168.747802734375,105.77568817138672,0.8795040249824524
700,1,152.02589416503906,88.35137176513672,169.1768341064453,105.65721893310547,0.8805007338523865
701,1,152.40939331054688,88.328369140625,169.66134643554688,105.56918334960938,0.8834964632987976
702,1,152.849853515625,88.38093566894531,169.98126220703125,105.55751037597656,0.8848012685775757
703,1,153.319580078125,88.37391662597656,170.6533203125,105.58634948730469,0.885126531124115
703,0,563.4132080078125,149.34310913085938,575.7225341796875,160.88882446289062,0.34326037764549255
704,1,153.77597045898438,88.31140899658203,171.01083374023438,105.54399871826172,0.8892749547958374
705,1,154.35528564453125,88.28884887695312,171.41943359375,105.48568725585938,0.8928781151771545
706,1,154.725341796875,88.27909851074219,171.6954345703125,105.58929443359375,0.8961701393127441
707,1,155.24456787109375,88.34191131591797,172.1202392578125,105.6302261352539,0.9000152945518494
708,1,155.5055389404297,88.31156158447266,172.3252716064453,105.62409210205078,0.9012192487716675
709,1,156.11026000976562,88.25980377197266,172.74508666992188,105.53771209716797,0.8990030288696289
709,0,551.806396484375,162.96337890625,563.6044921875,175.15020751953125,0.5847991704940796
710,1,156.638427734375,88.29042053222656,173.28317260742188,105.43913269042969,0.8960093259811401
711,1,157.1287384033203,88.42828369140625,173.94679260253906,105.54718017578125,0.8908178210258484
712,1,157.644287109375,88.54849243164062,174.30645751953125,105.52944946289062,0.8886389136314392
713,1,158.156982421875,88.38667297363281,174.90966796875,105.62287902832031,0.8836663961410522
714,1,158.67831420898438,88.46356201171875,175.35076904296875,105.6903076171875,0.8809787034988403
715,1,159.148193359375,88.43482971191406,175.63201904296875,105.59577941894531,0.879220187664032
716,1,159.6839599609375,88.37664794921875,176.30154418945312,105.47740173339844,0.8770124912261963
717,1,160.24415588378906,88.34864807128906,177.0857391357422,105.40745544433594,0.8793642520904541
718,1,160.78726196289062,88.3342056274414,177.80917358398438,105.33333587646484,0.8829306960105896
718,0,541.4090576171875,157.12094116210938,552.4508056640625,168.84878540039062,0.588735818862915
719,1,161.3409881591797,88.40057373046875,178.3775177001953,105.40402221679688,0.8817799687385559
719,0,541.235107421875,153.9425506591797,553.028076171875,166.8152618408203,0.7204967141151428
720,1,161.76632690429688,88.2028579711914,178.84939575195312,105.6932144165039,0.8843652009963989
721,1,162.6060333251953,88.1654281616211,179.4712371826172,105.63715362548828,0.8917055130004883
722,1,163.14785766601562,88.12574005126953,179.80099487304688,105.6897201538086,0.8946313261985779
723,1,163.73678588867188,88.17076110839844,180.10354614257812,105.72465515136719,0.8956759572029114
724,1,164.30062866210938,88.14581298828125,180.82437133789062,105.76919555664062,0.8945029973983765
725,1,164.94500732421875,88.21676635742188,181.45144653320312,105.70697021484375,0.8889437913894653
726,1,165.50843811035156,88.30633544921875,182.19630432128906,105.689208984375,0.885450541973114
727,1,165.99710083007812,88.17414093017578,182.87826538085938,105.56641387939453,0.8853002786636353
728,1,166.57058715820312,88.18736267089844,183.37625122070312,105.42768859863281,0.8838497996330261
729,1,167.05897521972656,88.26874542236328,183.7886199951172,105.37743377685547,0.8807892799377441
730,1,167.5662384033203,88.2315902709961,184.40269470214844,105.35411834716797,0.8811257481575012
731,1,168.05056762695312,88.23873901367188,184.90121459960938,105.36019897460938,0.8800641894340515
732,1,168.77593994140625,88.24899291992188,186.0284423828125,105.30844116210938,0.8837980628013611
733,1,169.3697967529297,88.19002532958984,186.8245086669922,105.41584014892578,0.882327675819397
734,1,169.86019897460938,88.00495910644531,187.11843872070312,105.40653991699219,0.8880454897880554
735,1,170.60641479492188,88.03917694091797,187.73776245117188,105.31656646728516,0.8955682516098022
736,1,171.05349731445312,88.14656066894531,188.10568237304688,105.43119812011719,0.8969449996948242
736,0,537.2254638671875,148.5363311767578,547.9678955078125,160.1976776123047,0.45495477318763733
737,1,171.5118865966797,88.16423797607422,188.40699768066406,105.49437713623047,0.8978620767593384
738,1,172.28146362304688,88.32341003417969,189.04531860351562,105.55613708496094,0.8966960906982422
739,1,172.97091674804688,88.35343933105469,189.82070922851562,105.71238708496094,0.8888888955116272
740,1,173.7386474609375,88.3360595703125,190.80419921875,105.8961181640625,0.8835693001747131
741,1,174.57327270507812,88.171142578125,191.70431518554688,105.83963012695312,0.8812529444694519
742,1,175.00213623046875,88.28591918945312,192.58245849609375,105.9652099609375,0.8805068135261536
743,1,175.36143493652344,88.34934997558594,192.8382110595703,105.68766784667969,0.8820440769195557
743,0,530.728759765625,103.9942626953125,540.766357421875,113.7359619140625,0.2523413896560669
744,1,176.00413513183594,88.35165405273438,193.38572692871094,105.63668823242188,0.8832699060440063
745,1,176.86135864257812,88.45875549316406,193.98910522460938,105.48020935058594,0.8862888813018799
745,0,543.5059814453125,162.1761474609375,555.5711669921875,174.4952392578125,0.498220831155777
745,0,531.3961181640625,103.70375061035156,541.909423828125,114.03013610839844,0.44055917859077454
746,1,177.61434936523438,88.33956909179688,194.63284301757812,105.52294921875,0.8825836181640625
746,0,544.292236328125,160.71286010742188,555.5501708984375,172.19961547851562,0.6797400712966919
747,1,178.03973388671875,88.13964080810547,194.97506713867188,105.42717742919922,0.8865914344787598
748,1,178.58975219726562,88.1808090209961,195.43215942382812,105.39789581298828,0.8924639821052551
749,1,179.15469360351562,88.25736999511719,195.50180053710938,105.26936340332031,0.8964420557022095
749,0,545.269287109375,155.19766235351562,555.734619140625,165.97793579101562,0.5720608234405518
