0,0,0
1,0,0
2,0,0
3,0,0
4,0,0
5,0,0
6,0,0
7,0,0
8,0,0
9,0,0
10,0,0
11,0,0
12,0,0
13,0,0
14,0,0
15,0,0
16,0,0
17,0,0
18,0,0
19,0,0
20,0,0
21,0,0
22,0,0
23,0,0
24,0,0
25,0,0
26,0,0
27,0,0
28,0,0
29,0,0
30,0,0
31,0,0
32,0,0
33,0,0
34,0,0
35,0,0
36,0,0
37,0,0
38,0,0
39,0,0
40,0,0
41,0,0
42,0,0
43,0,0
44,0,0
45,0,0
46,0,0
47,0,0
48,0,0
49,0,0
50,0,0
51,0,0
52,0,0
53,0,0
54,0,0
55,0,0
56,0,0
57,0,0
58,0,0
59,0,0
60,0,0
61,0,0
62,0,0
63,0,0
64,0,0
65,0,0
66,0,0
67,0,0
68,0,0
69,0,0
70,0,0
71,0,0
72,0,0
73,0,0
74,0,0
75,0,0
76,0,0
77,0,0
78,0,0
79,0,0
80,0,0
81,0,0
82,0,0
83,0,0
84,0,0
85,0,0
86,0,0
87,0,0
88,0,0
89,0,0
90,0,0
91,0,0
92,0,0
93,0,0
94,0,0
95,0,0
96,0,0
97,0,0
98,0,0
99,0,1
100,0,1
101,0,1
102,0,1
103,0,1
104,0,1
105,0,1
106,0,1
107,0,1
108,0,1
109,0,1
110,0,1
111,0,1
112,0,1
113,0,1
114,0,1
115,0,1
116,0,1
117,0,1
118,0,1
119,0,1
120,0,1
121,0,1
122,0,1
123,0,1
124,0,1
125,0,1
126,0,1
127,0,1
128,0,1
129,0,1
130,0,1
131,0,1
132,0,1
133,0,1
134,0,1
135,0,1
136,0,1
137,0,1
138,0,1
139,0,1
140,0,1
141,0,1
142,0,1
143,0,1
144,0,1
145,0,1
146,0,1
147,0,1
148,0,1
149,0,1
150,0,1
151,0,1
152,0,1
153,0,1
154,0,1
155,0,1
156,0,1
157,0,1
158,0,1
159,0,1
160,0,1
161,0,1
162,0,1
163,0,1
164,0,1
165,0,1
166,0,1
167,0,1
168,0,1
169,0,1
170,0,1
171,0,1
172,0,1
173,0,1
174,0,1
175,0,1
176,0,1
177,0,1
178,0,1
179,0,1
180,0,1
181,0,1
182,0,1
183,0,1
184,0,1
185,0,1
186,0,1
187,0,1
188,0,1
189,0,1
190,0,1
191,0,1
192,0,1
193,0,1
194,0,1
195,0,1
196,0,1
197,0,1
198,0,1
199,0,1
200,0,1
201,0,1
202,0,1
203,0,1
204,0,1
205,0,1
206,0,1
207,0,1
208,0,1
209,0,1
210,0,1
211,0,1
212,0,1
213,0,1
214,0,1
215,0,1
216,0,1
217,0,1
218,0,1
219,0,1
220,0,1
221,0,1
222,0,1
223,0,1
224,0,1
225,0,1
226,0,1
227,0,1
228,0,1
229,0,1
230,0,1
231,0,1
232,0,1
233,0,1
234,0,1
235,0,1
236,0,1
237,0,1
238,0,1
239,1,1
240,1,1
241,1,1
242,1,1
243,1,1
244,1,1
245,1,1
246,1,1
247,1,1
248,1,1
249,1,1
250,1,1
251,1,1
252,1,1
253,1,1
254,1,1
255,1,1
256,1,1
257,1,1
258,1,1
259,1,1
260,1,1
261,1,1
262,1,1
263,1,1
264,1,1
265,1,2
266,1,2
267,1,2
268,1,2
269,1,2
270,1,2
271,1,2
272,1,2
273,1,2
274,1,2
275,1,2
276,1,2
277,1,2
278,1,2
279,1,2
280,1,2
281,1,2
282,1,2
283,1,2
284,1,2
285,1,2
286,1,2
287,1,2
288,1,2
289,1,2
290,1,2
291,1,2
292,1,2
293,1,2
294,1,2
295,1,2
296,1,2
297,1,2
298,1,2
299,1,2
300,1,2
301,1,2
302,1,2
303,1,2
304,1,2
305,1,2
306,1,2
307,1,2
308,1,2
309,1,2
310,1,2
311,1,2
312,1,2
313,1,2
314,1,2
315,1,2
316,1,2
317,1,2
318,1,2
319,1,2
320,1,2
321,1,2
322,1,2
323,1,2
324,1,2
325,1,2
326,1,2
327,1,2
328,1,2
329,1,2
330,1,2
331,1,2
332,1,2
333,1,2
334,1,2
335,1,3
336,1,3
337,1,3
338,1,3
339,1,3
340,1,3
341,1,3
342,1,3
343,1,3
344,1,3
345,1,3
346,1,3
347,1,3
348,1,3
349,1,3
350,1,3
351,1,3
352,1,3
353,1,3
354,1,3
355,1,3
356,1,3
357,1,3
358,1,3
359,1,3
360,1,3
361,1,3
362,1,3
363,1,3
364,1,3
365,1,3
366,1,3
367,1,3
368,1,3
369,1,3
370,1,3
371,1,3
372,1,3
373,1,3
374,1,3
375,1,3
376,1,3
377,1,3
378,1,3
379,1,3
380,1,3
381,1,3
382,1,3
383,1,3
384,1,3
385,1,3
386,1,3
387,1,3
388,1,3
389,1,3
390,1,3
391,1,3
392,1,3
393,1,3
394,1,3
395,1,3
396,1,3
397,1,3
398,1,3
399,1,3
400,1,3
401,1,3
402,1,3
403,1,3
404,1,3
405,1,3
406,1,3
407,1,3
408,1,3
409,1,3
410,1,3
411,1,3
412,1,3
413,1,3
414,1,3
415,1,3
416,1,3
417,1,3
418,1,3
419,1,3
420,1,3
421,1,3
422,1,3
423,1,3
424,1,3
425,1,3
426,1,3
427,1,3
428,1,3
429,1,3
430,1,3
431,1,3
432,1,3
433,1,3
434,1,3
435,1,3
436,1,3
437,1,3
438,1,3
439,1,3
440,1,3
441,1,3
442,1,3
443,1,3
444,1,3
445,2,3
446,2,3
447,2,3
448,2,3
449,2,3
450,2,3
451,2,3
452,2,3
453,2,3
454,2,3
455,2,3
456,2,3
457,2,3
458,2,3
459,2,3
460,2,3
461,2,3
462,2,3
463,2,3
464,2,3
465,2,3
466,2,3
467,2,3
468,2,3
469,2,3
470,2,3
471,2,3
472,2,3
473,2,3
474,2,3
475,2,3
476,2,3
477,2,3
478,2,3
479,2,3
480,2,3
481,2,3
482,2,3
483,2,3
484,2,3
485,2,3
486,2,3
487,2,3
488,2,3
489,2,3
490,2,3
491,2,3
492,2,3
493,2,3
494,2,3
495,2,3
496,2,3
497,2,3
498,2,3
499,2,3
500,2,3
501,2,3
502,2,3
503,2,3
504,2,3
505,2,3
506,2,3
507,2,3
508,2,3
509,2,3
510,2,3
511,2,3
512,2,3
513,2,3
514,2,3
515,2,3
516,2,3
517,2,3
518,2,3
519,2,3
520,2,3
521,2,3
522,2,3
523,2,3
524,2,3
525,2,3
526,2,3
527,2,3
528,2,3
529,2,3
530,2,3
531,2,3
532,2,3
533,2,3
534,2,3
535,2,3
536,2,3
537,2,3
538,2,3
539,2,3
540,2,3
541,2,3
542,2,3
543,2,3
544,2,3
545,2,3
546,2,3
547,2,3
548,2,3
549,2,3
550,2,3
551,2,3
552,2,3
553,2,3
554,2,3
555,2,3
556,2,3
557,2,3
558,2,3
559,2,3
560,2,3
561,2,3
562,2,3
563,2,3
564,3,3
565,3,3
566,3,3
567,3,3
568,3,3
569,3,3
570,3,3
571,3,3
572,3,3
573,3,3
574,3,3
575,3,3
576,3,3
577,3,3
578,3,3
579,3,3
580,3,3
581,3,3
582,3,3
583,3,3
584,3,3
585,3,3
586,3,3
587,3,3
588,3,3
589,3,3
590,3,3
591,3,3
592,3,3
593,3,3
594,3,3
595,3,3
596,3,3
597,3,3
598,3,3
599,3,3
600,3,3
601,3,3
602,3,3
603,3,3
604,3,4
605,3,4
606,3,4
607,3,4
608,3,4
609,3,4
610,3,4
611,3,4
612,3,4
613,3,4
614,3,4
615,3,4
616,3,4
617,3,4
618,3,4
619,3,4
620,3,4
621,3,4
622,3,4
623,3,4
624,3,4
625,3,4
626,3,4
627,3,4
628,3,4
629,3,4
630,3,4
631,3,4
632,3,4
633,3,4
634,3,4
635,3,4
636,3,4
637,3,4
638,3,4
639,3,4
640,3,4
641,3,4
642,3,4
643,3,4
644,3,4
645,3,4
646,3,4
647,3,4
648,3,4
649,3,4
650,3,4
651,3,4
652,3,4
653,3,4
654,3,4
655,3,4
656,3,4
657,3,4
658,3,4
659,3,4
660,3,4
661,3,4
662,3,4
663,3,4
664,3,4
665,3,4
666,3,4
667,3,4
668,3,4
669,3,4
670,3,4
671,3,4
672,3,4
673,3,4
674,3,4
675,3,4
676,3,4
677,3,4
678,3,4
679,3,4
680,3,4
681,3,4
682,3,4
683,3,4
684,3,4
685,3,4
686,3,4
687,3,4
688,3,4
689,3,4
690,3,4
691,4,4
692,4,4
693,4,4
694,4,4
695,4,4
696,4,4
697,4,4
698,4,4
699,4,4
700,4,4
701,4,4
702,4,4
703,4,4
704,4,4
705,4,4
706,4,4
707,4,4
708,4,4
709,4,4
710,4,4
711,4,4
712,4,4
713,4,4
714,4,4
715,4,4
716,4,4
717,4,4
718,4,4
719,4,4
720,4,4
721,4,4
722,4,4
723,4,4
724,4,4
725,4,4
726,4,4
727,4,4
728,4,4
729,4,4
730,4,4
731,4,4
732,4,4
733,4,4
734,4,4
735,4,4
736,4,4
737,4,4
738,4,4
739,4,4
740,4,4
741,4,4
742,4,4
743,4,4
744,4,4
745,4,4
746,4,4
747,4,4
748,4,4
749,4,4
750,4,4
751,4,4
752,4,4
753,4,4
754,4,4
755,4,4
756,4,4
757,4,4
758,4,4
759,4,4
760,4,4
761,4,4
762,4,4
763,4,4
764,4,4
765,4,4
766,4,4
767,4,4
768,4,4
769,4,4
770,4,4
771,4,4
772,4,4
773,4,4
774,4,4
775,4,4
776,4,4
777,4,4
778,4,4
779,4,4
780,4,4
781,4,4
782,4,4
783,4,4
784,4,4
785,4,4
786,4,4
787,4,4
788,4,4
789,4,4
790,4,4
791,4,4
792,4,4
793,4,4
794,4,4
795,4,4
796,4,4
797,4,4
798,4,4
799,4,4
800,4,4
801,4,4
802,4,4
803,4,4
804,4,4
805,4,4
806,4,4
807,4,4
808,4,4
809,4,4
810,4,4
811,4,4
812,4,4
813,4,4
814,4,4
815,4,4
816,4,4
817,4,4
818,4,4
819,4,4
820,4,4
821,4,4
822,4,4
823,4,4
824,4,4
825,4,4
826,4,4
827,4,4
828,4,4
829,4,4
830,4,4
831,4,4
832,4,4
833,4,4
834,4,4
835,4,4
836,4,4
837,4,4
838,4,4
839,4,4
840,4,4
841,4,4
842,4,4
843,4,4
844,4,4
845,4,4
846,4,4
847,4,4
848,4,4
849,4,4
850,4,4
851,4,4
852,4,4
853,4,4
854,4,4
855,4,4
856,4,4
857,4,4
858,4,4
859,4,4
860,4,4
861,4,4
862,4,4
863,4,4
864,4,4
865,4,4
866,4,4
867,4,4
868,4,4
869,4,4
870,4,4
871,4,4
872,4,4
873,4,4
874,4,4
875,4,4
876,4,4
877,4,4
878,4,4
879,4,4
880,4,4
881,4,4
882,4,4
883,4,4
884,4,4
885,4,4
886,4,4
887,4,4
888,4,4
889,5,4
890,5,4
891,5,4
892,5,4
893,5,4
894,5,4
895,5,4
896,5,4
897,5,4
898,5,4
899,5,4
900,5,4
901,5,4
902,5,4
903,5,4
904,5,4
905,5,4
906,5,4
907,5,4
908,5,4
909,5,4
910,5,4
911,5,4
912,5,4
913,5,4
914,5,4
915,5,4
916,5,4
917,5,4
918,5,4
919,5,4
920,5,4
921,5,4
922,5,4
923,5,4
924,5,4
925,5,4
926,5,4
927,5,4
928,5,4
929,5,4
930,5,4
931,5,4
932,5,4
933,5,4
934,5,4
935,5,4
936,5,4
937,5,4
938,5,4
939,5,4
940,5,4
941,5,4
942,5,4
943,5,4
944,5,4
945,5,4
946,5,4
947,5,4
948,5,4
949,5,4
950,5,4
951,5,4
952,5,4
953,5,4
954,5,4
955,5,5
956,5,5
957,5,5
958,5,5
959,5,5
960,5,5
961,5,5
962,5,5
963,5,5
964,5,5
965,5,5
966,5,5
967,6,5
968,6,5
969,6,5
970,6,5
971,6,5
972,6,5
973,6,5
974,6,5
975,6,5
976,6,5
977,6,5
978,6,5
979,6,5
980,6,5
981,6,5
982,6,5
983,6,5
984,6,5
985,6,5
986,6,5
987,6,5
988,6,5
989,6,5
990,6,5
991,6,5
992,6,5
993,6,5
994,6,5
995,6,5
996,6,5
997,6,5
998,6,5
999,6,5
1000,6,5
1001,6,5
1002,6,5
1003,6,5
1004,6,5
1005,6,5
1006,6,5
1007,6,5
1008,6,5
1009,6,5
1010,6,5
1011,6,5
1012,6,5
1013,6,5
1014,6,5
1015,6,5
1016,6,5
1017,6,5
1018,6,5
1019,6,5
1020,6,5
1021,6,5
1022,6,5
1023,6,5
1024,6,5
1025,6,5
1026,6,5
1027,6,5
1028,6,5
1029,6,5
1030,6,5
1031,6,5
1032,6,5
1033,6,5
1034,6,5
1035,6,5
1036,6,5
1037,6,5
1038,6,5
1039,6,5
1040,6,5
1041,6,5
1042,6,5
1043,6,5
1044,6,5
1045,6,5
1046,6,5
1047,6,5
1048,6,5
1049,6,5
1050,6,5
1051,6,5
1052,6,5
1053,6,5
1054,6,5
1055,6,5
1056,6,5
1057,6,6
1058,6,6
1059,6,6
1060,6,6
1061,6,6
1062,6,6
1063,6,6
1064,6,6
1065,6,6
1066,6,6
1067,6,6
1068,6,6
1069,6,6
1070,6,6
1071,6,6
1072,6,6
1073,6,6
1074,6,6
1075,6,6
1076,6,6
1077,6,6
1078,6,6
1079,6,6
1080,6,6
1081,6,6
1082,6,6
1083,6,6
1084,6,6
1085,6,6
1086,6,6
1087,6,6
1088,6,6
1089,6,6
1090,6,6
1091,6,6
1092,6,6
1093,6,6
1094,6,6
1095,6,6
1096,6,6
1097,6,6
1098,6,6
1099,6,6
1100,6,6
1101,6,6
1102,6,6
1103,6,6
1104,6,6
1105,6,6
1106,6,6
1107,6,6
1108,6,6
1109,6,6
1110,6,6
1111,6,6
1112,6,6
1113,6,6
1114,6,6
1115,6,6
1116,6,6
1117,6,6
1118,6,6
1119,6,6
1120,6,6
1121,6,6
1122,6,6
1123,6,6
1124,6,6
1125,6,6
1126,6,6
1127,6,6
1128,6,6
1129,6,6
1130,6,6
1131,6,6
1132,6,6
1133,6,6
1134,6,6
1135,6,6
1136,6,6
1137,6,6
1138,6,6
1139,6,6
1140,6,6
1141,6,6
1142,6,6
1143,6,6
1144,6,6
1145,6,6
1146,6,6
1147,6,6
1148,6,6
1149,6,6
1150,6,6
1151,6,6
1152,6,6
1153,6,6
1154,6,6
1155,6,6
1156,6,6
1157,6,6
1158,6,6
1159,6,6
1160,6,6
1161,6,6
1162,6,6
1163,6,6
1164,6,6
1165,6,6
1166,6,6
1167,6,6
1168,6,6
1169,6,6
1170,6,6
1171,6,6
1172,6,6
1173,6,6
1174,6,6
1175,6,6
1176,6,6
1177,6,6
1178,6,6
1179,6,6
1180,6,6
1181,6,6
1182,6,6
1183,6,6
1184,6,6
1185,6,6
1186,6,6
1187,6,6
1188,6,6
1189,6,6
1190,6,6
1191,6,6
1192,6,6
1193,6,6
1194,6,6
1195,6,6
1196,6,6
1197,6,6
1198,6,6
1199,6,6
1200,6,6
1201,6,6
1202,6,6
1203,6,6
1204,6,6
1205,6,6
1206,6,6
1207,6,6
1208,6,6
1209,6,6
1210,6,6
1211,6,6
1212,6,6
1213,6,6
1214,6,6
1215,6,6
1216,6,6
1217,6,6
1218,6,6
1219,6,6
1220,6,6
1221,6,6
1222,6,6
1223,6,6
1224,6,6
1225,6,6
1226,6,6
1227,6,6
1228,6,6
1229,6,6
1230,6,6
1231,6,6
1232,6,6
1233,6,6
1234,6,6
1235,6,6
1236,6,6
1237,6,6
1238,6,6
1239,6,6
1240,6,6
1241,6,6
1242,6,6
1243,6,6
1244,6,6
1245,6,6
1246,6,6
1247,6,6
1248,6,6
1249,6,6
1250,6,6
1251,6,6
1252,6,6
1253,6,7
1254,6,7
1255,6,7
1256,6,7
1257,6,7
1258,6,7
1259,6,7
1260,6,7
1261,6,7
1262,6,7
1263,6,7
1264,6,7
1265,6,7
1266,6,7
1267,6,7
1268,6,7
1269,6,7
1270,6,7
1271,6,7
1272,6,7
1273,6,7
1274,6,7
1275,6,7
1276,6,7
1277,6,7
1278,6,7
1279,6,7
1280,6,7
1281,6,7
1282,6,7
1283,6,7
1284,6,7
1285,6,7
1286,6,7
1287,6,7
1288,6,7
1289,6,7
1290,6,7
1291,6,7
1292,6,7
1293,6,7
1294,6,7
1295,6,7
1296,6,7
1297,6,7
1298,6,7
1299,6,7
1300,6,7
1301,6,7
1302,6,7
1303,6,7
1304,6,7
1305,6,7
1306,6,7
1307,6,7
1308,6,7
1309,6,7
1310,6,7
1311,6,7
1312,6,7
1313,6,7
1314,6,7
1315,6,7
1316,6,7
1317,6,7
1318,6,7
1319,6,7
1320,6,7
1321,6,7
1322,6,7
1323,6,7
1324,6,7
1325,6,7
1326,6,7
1327,6,7
1328,6,7
1329,6,7
1330,6,7
1331,6,7
1332,6,7
1333,6,7
1334,6,7
1335,6,7
1336,6,7
1337,6,7
1338,6,7
1339,6,7
1340,6,7
1341,6,7
1342,6,7
1343,6,7
1344,6,7
1345,6,7
1346,6,7
1347,6,7
1348,6,7
1349,6,7
1350,6,7
1351,6,7
1352,6,7
1353,6,7
1354,6,7
1355,6,7
1356,6,7
1357,6,7
1358,6,7
1359,6,7
1360,6,7
1361,6,7
1362,6,7
1363,6,7
1364,6,7
1365,6,7
1366,6,7
1367,6,7
1368,6,7
1369,6,7
1370,6,7
1371,6,7
1372,6,7
1373,6,7
1374,6,7
1375,6,7
1376,6,7
1377,6,8
1378,6,8
1379,6,8
1380,6,8
1381,6,8
1382,6,8
1383,6,8
1384,6,8
1385,6,8
1386,6,8
1387,6,8
1388,6,8
1389,6,8
1390,6,8
1391,6,8
1392,6,8
1393,6,8
1394,6,8
1395,6,8
1396,6,8
1397,6,8
1398,6,8
1399,6,8
1400,6,8
1401,6,8
1402,6,8
1403,6,8
1404,6,8
1405,6,8
1406,6,8
1407,6,8
1408,6,8
1409,6,8
1410,6,8
1411,6,8
1412,6,8
1413,6,8
1414,6,8
1415,6,8
1416,6,8
1417,6,8
1418,6,8
1419,6,8
1420,6,8
1421,6,8
1422,6,8
1423,6,8
1424,6,8
1425,6,8
1426,6,8
1427,6,8
1428,6,8
1429,6,8
1430,6,8
1431,6,8
1432,6,8
1433,6,8
1434,6,8
1435,6,8
1436,6,8
1437,6,8
1438,6,8
1439,6,8
1440,6,8
1441,6,8
1442,6,8
1443,6,8
1444,6,8
1445,6,8
1446,6,8
1447,6,8
1448,6,8
1449,6,8
1450,6,8
1451,6,8
1452,6,8
1453,6,8
1454,6,8
1455,6,8
1456,6,8
1457,6,8
1458,6,8
1459,6,8
1460,6,8
1461,6,8
1462,6,8
1463,7,8
1464,7,8
1465,7,8
1466,7,8
1467,7,8
1468,7,8
1469,7,8
1470,7,8
1471,7,8
1472,7,8
1473,7,8
1474,7,8
1475,7,8
1476,7,8
1477,7,8
1478,7,8
1479,7,8
1480,7,8
1481,7,8
1482,7,8
1483,7,8
1484,7,8
1485,7,8
1486,7,8
1487,7,8
1488,7,8
1489,7,8
1490,7,8
1491,7,8
1492,7,8
1493,7,8
1494,7,8
1495,7,8
1496,7,8
1497,7,8
1498,7,8
1499,7,8
1500,7,8
1501,7,8
1502,7,8
1503,7,8
1504,7,8
1505,7,8
1506,7,8
1507,7,8
1508,7,8
1509,7,8
1510,7,8
1511,7,8
1512,7,8
1513,7,8
1514,7,8
1515,7,8
1516,7,8
1517,7,8
1518,7,8
1519,7,8
1520,7,8
1521,7,8
1522,7,8
1523,7,8
1524,7,8
1525,7,8
1526,7,8
1527,7,8
1528,7,8
1529,7,8
1530,7,8
1531,7,8
1532,7,8
1533,7,8
1534,7,8
1535,7,8
1536,7,8
1537,7,8
1538,7,8
1539,7,8
1540,7,8
1541,7,8
1542,7,8
1543,7,8
1544,7,8
1545,7,8
1546,7,8
1547,7,8
1548,7,8
1549,7,8
1550,7,8
1551,7,8
1552,7,8
1553,7,8
1554,7,8
1555,7,8
1556,7,8
1557,7,8
1558,7,8
1559,7,8
1560,7,8
1561,7,8
1562,7,8
1563,7,8
1564,7,8
1565,7,8
1566,7,8
1567,7,8
1568,7,8
1569,7,8
1570,7,8
1571,7,8
1572,7,8
1573,7,8
1574,7,8
1575,7,8
1576,7,8
1577,7,8
1578,7,8
1579,7,8
1580,7,8
1581,7,8
1582,7,8
1583,7,8
1584,7,8
1585,7,8
1586,7,8
1587,7,8
1588,7,8
1589,7,8
1590,7,8
1591,7,8
1592,7,8
1593,7,8
1594,7,8
1595,7,8
1596,7,8
1597,7,8
1598,7,8
1599,7,8
1600,7,8
1601,7,8
1602,7,8
1603,7,8
1604,7,8
1605,7,8
1606,7,8
1607,7,8
1608,7,8
1609,7,8
1610,7,8
1611,7,8
1612,7,8
1613,7,8
1614,7,8
1615,7,8
1616,7,8
1617,7,8
1618,7,8
1619,7,8
1620,7,8
1621,7,8
1622,7,8
1623,7,8
1624,7,8
1625,7,8
1626,7,8
1627,7,8
1628,7,8
1629,7,8
1630,7,8
1631,7,8
1632,7,8
1633,7,8
1634,7,8
1635,7,8
1636,7,8
1637,7,8
1638,7,8
1639,7,8
1640,7,8
1641,7,8
1642,7,8
1643,7,8
1644,7,8
1645,7,8
1646,7,8
1647,7,8
1648,7,8
1649,7,8
1650,7,8
1651,7,8
1652,7,8
1653,7,8
1654,7,8
1655,7,8
1656,7,8
1657,7,8
1658,7,8
1659,7,8
1660,7,8
1661,7,8
1662,7,8
1663,7,8
1664,7,8
1665,7,8
1666,7,8
1667,7,8
1668,7,8
1669,7,8
1670,7,8
1671,7,8
1672,7,8
1673,7,8
1674,7,8
1675,7,8
1676,7,8
1677,7,8
1678,7,8
1679,7,8
1680,7,8
1681,7,8
1682,7,8
1683,7,8
1684,7,8
1685,7,8
1686,7,8
1687,7,8
1688,7,8
1689,7,8
1690,7,8
1691,7,8
1692,7,8
1693,7,8
1694,7,8
1695,7,8
1696,7,8
1697,7,8
1698,7,8
1699,7,8
1700,7,8
1701,7,8
1702,7,8
1703,7,8
1704,7,8
1705,7,8
1706,7,8
1707,7,8
1708,7,8
1709,7,8
1710,7,8
1711,7,8
1712,7,8
1713,7,8
1714,7,8
1715,7,8
1716,7,8
1717,7,8
1718,7,8
1719,7,8
1720,7,8
1721,7,8
1722,7,8
1723,7,8
1724,7,8
1725,7,8
1726,7,8
1727,7,8
1728,7,8
1729,7,8
1730,7,8
1731,7,8
1732,7,8
1733,7,8
1734,7,8
1735,7,8
1736,7,8
1737,7,8
1738,7,8
1739,7,8
1740,7,8
1741,7,8
1742,7,8
1743,7,8
1744,7,8
1745,7,8
1746,7,8
1747,7,8
1748,7,8
1749,7,8
1750,7,8
1751,7,8
1752,7,8
1753,7,8
1754,7,8
1755,7,8
1756,7,8
1757,7,8
1758,7,8
1759,7,8
1760,7,8
1761,7,8
1762,7,8
1763,7,8
1764,7,8
1765,7,8
1766,7,8
1767,7,8
1768,7,8
1769,7,8
1770,7,8
1771,7,8
1772,7,8
1773,7,8
1774,7,8
1775,7,8
1776,7,8
1777,7,8
1778,7,8
1779,7,8
1780,7,8
1781,7,8
1782,7,8
1783,7,8
1784,7,8
1785,7,8
1786,8,8
1787,8,8
1788,8,8
1789,8,8
1790,8,8
1791,8,8
1792,8,8
1793,8,8
1794,8,8
1795,8,8
1796,8,8
1797,8,8
1798,8,8
1799,8,8
1800,8,8
1801,8,8
1802,8,8
1803,8,8
1804,8,8
1805,8,8
1806,8,8
1807,8,8
1808,8,8
1809,8,8
1810,8,8
1811,8,8
1812,8,8
1813,8,8
1814,8,8
1815,8,8
1816,8,8
1817,8,8
1818,8,8
1819,8,8
1820,8,8
1821,8,8
1822,8,8
1823,8,8
1824,8,8
1825,8,8
1826,8,8
1827,8,8
1828,9,8
1829,9,8
1830,9,8
1831,9,8
1832,9,8
1833,9,8
1834,9,8
1835,9,8
1836,9,8
1837,9,8
1838,9,8
1839,9,8
1840,9,8
1841,9,8
1842,9,8
1843,9,8
1844,9,8
1845,9,8
1846,9,8
1847,9,8
1848,9,8
1849,9,8
1850,9,8
1851,9,8
1852,9,8
1853,9,8
1854,9,8
1855,9,8
1856,9,8
1857,9,8
1858,9,8
1859,9,8
1860,9,8
1861,9,8
1862,9,8
1863,9,8
1864,9,8
1865,9,8
1866,9,8
1867,9,8
1868,9,8
1869,9,8
1870,9,8
1871,9,9
1872,9,9
1873,9,9
1874,9,9
1875,9,9
1876,9,9
1877,9,9
1878,9,9
1879,9,9
1880,9,9
1881,9,9
1882,9,9
1883,9,9
1884,9,9
1885,9,9
1886,9,9
1887,9,9
1888,9,9
1889,9,9
1890,9,9
1891,9,9
1892,9,9
1893,9,9
1894,9,9
1895,9,9
1896,9,9
1897,9,9
1898,9,9
1899,9,9
1900,9,9
1901,9,9
1902,9,9
1903,9,9
1904,9,9
1905,9,9
1906,9,9
1907,9,9
1908,9,9
1909,9,9
1910,9,9
1911,9,9
1912,9,9
1913,9,9
1914,9,9
1915,9,9
1916,9,9
1917,9,9
1918,9,9
1919,9,9
1920,9,9
1921,9,9
1922,9,9
1923,9,9
1924,9,9
1925,9,9
1926,9,9
1927,9,9
1928,9,9
1929,9,9
1930,9,9
1931,9,9
1932,9,9
1933,9,9
1934,9,9
1935,9,9
1936,9,9
1937,9,9
1938,9,9
1939,9,9
1940,9,9
1941,9,9
1942,9,9
1943,9,9
1944,9,9
1945,9,9
1946,9,9
1947,9,9
1948,9,9
1949,9,9
1950,9,9
1951,9,9
1952,9,9
1953,9,9
1954,9,9
1955,9,9
1956,9,9
1957,9,9
1958,9,9
1959,9,9
1960,9,9
1961,9,9
1962,9,9
1963,9,9
1964,9,9
1965,9,9
1966,9,9
1967,9,9
1968,9,9
1969,9,9
1970,9,9
1971,9,9
1972,9,9
1973,9,9
1974,9,9
1975,9,9
1976,9,9
1977,9,9
1978,9,9
1979,9,9
1980,9,9
1981,9,9
1982,9,9
1983,9,9
1984,9,9
1985,9,9
1986,9,9
1987,9,9
1988,9,9
1989,9,9
1990,9,9
1991,9,9
1992,9,9
1993,9,9
1994,9,9
1995,9,9
1996,9,9
1997,9,9
1998,9,9
1999,9,9
2000,9,9
2001,9,9
2002,9,9
2003,9,9
2004,9,9
2005,9,9
2006,9,9
2007,9,9
2008,9,9
2009,9,9
2010,9,9
2011,9,9
2012,9,9
2013,9,9
2014,9,9
2015,9,9
2016,9,9
2017,9,9
2018,9,9
2019,9,9
2020,9,9
2021,9,9
2022,9,9
2023,9,9
2024,9,9
2025,9,9
2026,9,9
2027,9,9
2028,9,9
2029,9,9
2030,9,9
2031,9,9
2032,9,9
2033,9,9
2034,9,9
2035,9,9
2036,9,9
2037,9,9
2038,9,9
2039,9,9
2040,9,9
2041,9,9
2042,9,9
2043,9,9
2044,9,9
2045,9,9
2046,9,9
2047,9,9
2048,9,9
2049,9,9
2050,9,9
2051,9,9
2052,9,9
2053,9,9
2054,9,9
2055,9,9
2056,9,9
2057,9,9
2058,9,9
2059,9,9
2060,9,9
2061,9,9
2062,9,9
2063,9,9
2064,9,9
2065,9,9
2066,9,9
2067,9,9
2068,9,9
2069,9,9
2070,9,9
2071,9,9
2072,9,9
2073,9,9
2074,9,9
2075,9,9
2076,9,9
2077,9,9
2078,9,9
2079,9,9
2080,9,9
2081,9,9
2082,9,9
2083,9,9
2084,9,9
2085,9,9
2086,9,9
2087,9,9
2088,9,9
2089,9,9
2090,9,9
2091,9,9
2092,9,9
2093,9,9
2094,9,9
2095,9,9
2096,9,9
2097,9,9
2098,9,9
2099,9,9
2100,9,9
2101,9,9
2102,9,9
2103,9,9
2104,9,9
2105,9,9
2106,9,9
2107,9,9
2108,9,9
2109,9,9
2110,9,9
2111,9,9
2112,9,9
2113,9,9
2114,9,9
2115,9,9
2116,9,9
2117,9,9
2118,9,9
2119,9,9
2120,9,9
2121,9,9
2122,9,9
2123,9,9
2124,9,9
2125,9,9
2126,9,9
2127,9,9
2128,9,9
2129,9,9
2130,9,9
2131,9,9
2132,9,9
2133,9,9
2134,9,9
2135,9,9
2136,9,9
2137,9,9
2138,9,9
2139,9,9
2140,9,9
2141,9,9
2142,9,9
2143,9,9
2144,9,9
2145,9,9
2146,9,9
2147,9,9
2148,9,9
2149,9,9
2150,9,9
2151,9,9
2152,9,9
2153,9,9
2154,9,9
2155,9,9
2156,9,9
2157,9,9
2158,9,9
2159,9,9
2160,9,9
2161,9,9
2162,9,9
2163,9,9
2164,9,9
2165,9,9
2166,9,9
2167,9,9
2168,9,9
2169,9,9
2170,9,9
2171,9,9
2172,9,9
2173,9,9
2174,9,9
2175,9,9
2176,9,9
2177,9,9
2178,9,9
2179,9,9
2180,9,9
2181,9,9
2182,9,9
2183,9,9
2184,9,9
2185,9,9
2186,9,9
2187,9,9
2188,9,9
2189,9,9
2190,9,9
2191,9,9
2192,9,9
2193,9,9
2194,9,9
2195,9,9
2196,9,9
2197,9,9
2198,9,9
2199,9,9
2200,9,9
2201,9,9
2202,9,9
2203,9,9
2204,9,9
2205,9,9
2206,9,9
2207,9,9
2208,9,9
2209,9,9
2210,9,9
2211,9,9
2212,9,9
2213,9,9
2214,9,9
2215,9,9
2216,9,9
2217,9,9
2218,9,9
2219,9,9
2220,9,9
2221,9,9
2222,9,9
2223,9,9
2224,9,9
2225,9,9
2226,9,9
2227,9,9
2228,9,9
2229,9,9
2230,9,9
2231,9,9
2232,9,9
2233,9,9
2234,9,9
2235,9,9
2236,9,9
2237,9,9
2238,9,9
2239,9,9
2240,9,9
2241,9,9
2242,9,9
2243,9,9
2244,9,9
2245,9,9
2246,9,9
2247,9,9
2248,10,9
2249,10,9
2250,10,9
2251,10,9
2252,10,9
2253,10,9
2254,10,9
2255,10,9
2256,10,9
2257,10,9
2258,10,9
2259,10,9
2260,10,9
2261,10,9
2262,10,9
2263,10,9
2264,10,9
2265,10,9
2266,10,9
2267,10,9
2268,10,9
2269,10,9
2270,10,9
2271,10,9
2272,10,9
2273,10,9
2274,10,9
2275,10,9
2276,10,9
2277,10,9
2278,10,9
2279,10,9
2280,10,9
2281,10,9
2282,10,9
2283,10,9
2284,10,9
2285,10,9
2286,10,9
2287,10,9
2288,10,9
2289,10,9
2290,10,9
2291,10,9
2292,10,9
2293,10,9
2294,10,9
2295,10,9
2296,10,9
2297,10,9
2298,10,9
2299,10,9
2300,10,9
2301,10,9
2302,10,9
2303,10,9
2304,10,9
2305,10,9
2306,10,9
2307,10,9
2308,10,9
2309,10,9
2310,10,9
2311,10,9
2312,10,9
2313,10,9
2314,10,9
2315,10,9
2316,10,9
2317,10,9
2318,10,9
2319,10,9
2320,10,9
2321,10,9
2322,10,9
2323,10,9
2324,10,9
2325,10,9
2326,10,9
2327,10,9
2328,10,9
2329,10,9
2330,10,9
2331,10,9
2332,10,9
2333,10,9
2334,10,9
2335,10,9
2336,10,9
2337,10,9
2338,10,9
2339,10,9
2340,10,9
2341,10,9
2342,10,9
2343,10,9
2344,10,9
2345,10,9
2346,10,9
2347,10,9
2348,10,9
2349,10,9
2350,10,9
2351,10,9
2352,10,9
2353,10,9
2354,10,9
2355,10,9
2356,10,9
2357,10,9
2358,10,9
2359,10,9
2360,10,9
2361,10,9
2362,10,9
2363,10,9
2364,10,9
2365,10,9
2366,10,9
2367,10,9
2368,10,9
2369,10,9
2370,10,9
2371,10,9
2372,10,9
2373,10,9
2374,10,9
2375,10,9
2376,10,9
2377,10,9
2378,10,9
2379,10,9
2380,10,9
2381,10,9
2382,10,9
2383,10,9
2384,10,9
2385,10,9
2386,10,9
2387,10,9
2388,10,9
2389,10,9
2390,10,9
2391,10,9
2392,10,9
2393,10,9
2394,10,9
2395,10,9
2396,10,9
2397,10,10
2398,10,10
2399,10,10
2400,10,10
2401,10,10
2402,10,10
2403,10,10
2404,10,10
2405,10,10
2406,10,10
2407,10,10
2408,10,10
2409,10,10
2410,10,10
2411,10,10
2412,10,10
2413,10,10
2414,10,10
2415,10,10
2416,10,10
2417,10,10
2418,10,10
2419,10,10
2420,10,10
2421,10,10
2422,10,10
2423,10,10
2424,10,10
2425,10,10
2426,10,10
2427,10,10
2428,10,10
2429,10,10
2430,10,10
2431,10,10
2432,10,10
2433,10,10
2434,10,10
2435,10,10
2436,10,10
2437,10,10
2438,10,10
2439,11,10
2440,11,10
2441,11,10
2442,11,10
2443,11,10
2444,11,10
2445,11,10
2446,11,10
2447,11,10
2448,11,10
2449,11,10
2450,11,10
2451,11,10
2452,11,10
2453,11,10
2454,11,10
2455,11,10
2456,11,10
2457,11,10
2458,11,10
2459,11,10
2460,11,10
2461,11,10
2462,11,10
2463,11,10
2464,11,10
2465,11,10
2466,11,10
2467,11,10
2468,11,10
2469,11,10
2470,11,10
2471,11,10
2472,11,10
2473,11,10
2474,11,10
2475,11,10
2476,11,10
2477,11,10
2478,11,10
2479,11,10
2480,11,10
2481,11,10
2482,11,10
2483,11,10
2484,11,10
2485,11,10
2486,11,10
2487,11,10
2488,11,10
2489,11,10
2490,11,10
2491,11,10
2492,11,10
2493,11,10
2494,11,10
2495,11,10
2496,11,10
2497,11,10
2498,11,10
2499,11,10
2500,11,10
2501,11,10
2502,11,10
2503,11,10
2504,11,10
2505,11,10
2506,11,10
2507,11,10
2508,11,10
2509,11,10
2510,11,10
2511,11,10
2512,11,10
2513,11,10
2514,11,10
2515,11,10
2516,11,10
2517,11,10
2518,11,10
2519,11,10
2520,11,10
2521,11,10
2522,11,10
2523,11,10
2524,11,10
2525,11,10
2526,11,10
2527,11,10
2528,11,10
2529,11,10
2530,11,10
2531,11,10
2532,11,10
2533,11,10
2534,11,10
2535,11,10
2536,11,10
2537,11,10
2538,11,10
2539,11,10
2540,11,10
2541,11,10
2542,11,10
2543,11,10
2544,11,10
2545,11,10
2546,11,10
2547,11,10
2548,11,10
2549,11,10
2550,11,10
2551,11,10
2552,11,10
2553,11,10
2554,11,10
2555,11,10
2556,11,10
2557,11,10
2558,11,10
2559,11,10
2560,11,10
2561,11,10
2562,11,10
2563,11,10
2564,11,10
2565,11,10
2566,11,10
2567,11,10
2568,11,10
2569,11,10
2570,11,10
2571,11,10
2572,11,10
2573,11,10
2574,11,10
2575,11,10
2576,11,10
2577,11,10
2578,11,10
2579,11,10
2580,11,10
2581,11,10
2582,11,10
2583,11,10
2584,11,10
2585,11,10
2586,11,10
2587,11,10
2588,11,10
2589,11,10
2590,11,10
2591,11,10
2592,11,10
2593,11,10
2594,11,10
2595,11,10
2596,11,10
2597,11,10
2598,11,10
2599,11,10
2600,11,10
2601,11,10
2602,11,10
2603,11,10
2604,11,10
2605,11,10
2606,11,10
2607,11,10
2608,11,10
2609,11,10
2610,11,10
2611,11,10
2612,11,10
2613,11,10
2614,11,10
2615,11,10
2616,11,10
2617,11,10
2618,11,10
2619,11,10
2620,11,10
2621,11,10
2622,11,10
2623,11,10
2624,11,10
2625,11,10
2626,11,10
2627,11,10
2628,11,10
2629,11,10
2630,11,10
2631,11,10
2632,11,10
2633,11,10
2634,11,10
2635,11,10
2636,11,10
2637,11,10
2638,11,10
2639,11,10
2640,11,10
2641,11,10
2642,11,10
2643,11,10
2644,11,10
2645,11,10
2646,11,10
2647,11,10
2648,11,10
2649,11,10
2650,11,10
2651,11,10
2652,11,10
2653,11,10
2654,11,10
2655,11,10
2656,11,10
2657,11,10
2658,11,10
2659,11,10
2660,11,10
2661,11,10
2662,11,10
2663,11,10
2664,11,10
2665,11,10
2666,11,10
2667,11,10
2668,11,10
2669,11,10
2670,11,10
2671,11,10
2672,11,10
2673,11,10
2674,11,10
2675,11,10
2676,11,10
2677,11,10
2678,11,10
2679,11,10
2680,11,10
2681,11,10
2682,11,10
2683,11,10
2684,11,10
2685,11,10
2686,11,10
2687,11,10
2688,11,10
2689,11,10
2690,11,10
2691,11,10
2692,11,10
2693,11,10
2694,11,10
2695,11,10
2696,11,10
2697,11,10
2698,11,10
2699,11,10
2700,11,10
2701,11,10
2702,11,10
2703,11,10
2704,11,10
2705,11,10
2706,11,10
2707,11,10
2708,11,10
2709,11,10
2710,11,10
2711,11,10
2712,11,10
2713,11,10
2714,11,10
2715,11,10
2716,11,10
2717,11,10
2718,11,10
2719,11,10
2720,11,10
2721,11,10
2722,11,10
2723,11,10
2724,11,10
2725,11,10
2726,11,10
2727,11,10
2728,11,10
2729,11,10
2730,11,10
2731,11,10
2732,11,10
2733,11,10
2734,11,10
2735,11,10
2736,11,10
2737,11,10
2738,11,10
2739,11,10
2740,11,10
2741,11,10
2742,11,10
2743,11,10
2744,11,10
2745,11,10
2746,11,10
2747,11,10
2748,11,10
2749,11,10
2750,11,10
2751,11,10
2752,11,10
2753,11,10
2754,11,10
2755,11,10
2756,11,10
2757,11,10
2758,11,10
2759,11,10
2760,11,10
2761,11,10
2762,11,10
2763,11,10
2764,11,10
2765,11,10
2766,12,10
2767,12,10
2768,12,10
2769,12,10
2770,12,10
2771,12,10
2772,12,10
2773,12,10
2774,12,10
2775,12,10
2776,12,10
2777,12,10
2778,12,10
2779,12,10
2780,12,10
2781,12,10
2782,12,10
2783,12,10
2784,12,10
2785,12,10
2786,12,10
2787,12,10
2788,12,10
2789,12,10
2790,12,10
2791,12,10
2792,12,10
2793,12,10
2794,12,10
2795,12,10
2796,12,10
2797,12,10
2798,12,10
2799,12,10
2800,12,10
2801,12,10
2802,12,10
2803,12,10
2804,12,10
2805,12,10
2806,12,10
2807,12,10
2808,12,10
2809,12,10
2810,12,10
2811,12,10
2812,12,10
2813,12,10
2814,12,10
2815,12,10
2816,12,10
2817,12,10
2818,12,10
2819,12,10
2820,12,10
2821,12,10
2822,12,10
2823,12,10
2824,12,10
2825,12,10
2826,12,10
2827,12,10
2828,12,10
2829,12,10
2830,12,10
2831,12,10
2832,12,10
2833,12,10
2834,12,10
2835,12,10
2836,12,10
2837,12,10
2838,12,10
2839,12,10
2840,12,10
2841,12,10
2842,12,10
2843,12,10
2844,12,10
2845,12,10
2846,12,10
2847,12,10
2848,12,10
2849,12,10
2850,12,10
2851,12,10
2852,12,10
2853,12,10
2854,12,10
2855,12,10
2856,12,10
2857,12,10
2858,12,10
2859,12,10
2860,12,10
2861,12,10
2862,12,10
2863,12,10
2864,12,10
2865,12,10
2866,12,10
2867,12,10
2868,12,10
2869,12,10
2870,12,10
2871,12,10
2872,12,10
2873,12,10
2874,12,10
2875,12,10
2876,12,10
2877,12,10
2878,12,10
2879,12,10
2880,12,10
2881,12,10
2882,12,10
2883,12,10
2884,12,10
2885,12,10
2886,12,10
2887,12,10
2888,12,10
2889,12,10
2890,12,10
2891,12,10
2892,12,10
2893,12,10
2894,12,10
2895,12,10
2896,12,10
2897,12,10
2898,12,10
2899,12,10
2900,12,10
2901,12,10
2902,12,10
2903,12,10
2904,12,10
2905,12,10
2906,12,10
2907,12,10
2908,12,10
2909,12,10
2910,12,10
2911,12,10
2912,12,10
2913,12,10
2914,12,10
2915,12,10
2916,12,10
2917,12,10
2918,12,10
2919,12,10
2920,12,10
2921,12,10
2922,12,10
2923,12,10
2924,12,10
2925,12,10
2926,12,10
2927,12,10
2928,12,10
2929,12,10
2930,12,10
2931,12,10
2932,12,10
2933,12,10
2934,12,10
2935,12,10
2936,12,10
2937,12,10
2938,12,10
2939,12,10
2940,12,10
2941,12,10
2942,12,10
2943,12,10
2944,12,10
2945,12,10
2946,12,10
2947,12,10
2948,12,10
2949,12,10
2950,12,10
2951,12,10
2952,12,10
2953,12,10
2954,12,10
2955,12,10
2956,12,10
2957,12,10
2958,12,10
2959,12,10
2960,12,10
2961,12,10
2962,12,10
2963,12,10
2964,12,10
2965,12,10
2966,12,10
2967,12,10
2968,12,10
2969,12,10
2970,12,10
2971,12,10
2972,12,10
2973,12,10
2974,12,10
2975,12,10
2976,12,10
2977,12,10
2978,12,10
2979,12,10
2980,12,10
2981,12,10
2982,12,10
2983,12,10
2984,12,10
2985,12,10
2986,12,10
2987,12,10
2988,12,10
2989,12,10
2990,12,10
2991,12,10
2992,12,10
2993,12,10
2994,12,10
2995,12,10
2996,12,10
2997,12,10
2998,12,10
2999,12,10
3000,12,10
3001,12,10
3002,12,10
3003,12,10
3004,12,10
3005,12,10
3006,12,10
3007,12,10
3008,12,10
3009,12,10
3010,12,10
3011,12,10
3012,12,10
3013,12,10
3014,12,10
3015,12,10
3016,12,10
3017,12,10
3018,12,10
3019,12,10
3020,12,10
3021,12,10
3022,12,10
3023,12,10
3024,12,10
3025,12,10
3026,12,10
3027,12,10
3028,12,10
3029,12,10
3030,12,10
3031,12,10
3032,12,10
3033,12,10
3034,12,10
3035,12,10
3036,12,10
3037,12,10
3038,12,10
3039,12,10
3040,12,10
3041,12,10
3042,12,10
3043,12,10
3044,12,10
3045,12,10
3046,12,10
3047,12,10
3048,12,10
3049,12,10
3050,12,10
3051,12,10
3052,12,10
3053,12,10
3054,12,10
3055,12,10
3056,12,10
3057,12,10
3058,12,10
3059,12,10
3060,12,10
3061,12,10
3062,12,10
3063,12,10
3064,12,10
3065,12,10
3066,12,10
3067,12,10
3068,12,10
3069,12,10
3070,12,10
3071,12,10
3072,12,10
3073,12,10
3074,12,10
3075,12,10
3076,12,10
3077,12,10
3078,12,10
3079,12,10
3080,12,10
3081,12,10
3082,12,10
3083,12,10
3084,12,10
3085,12,10
3086,12,10
3087,12,10
3088,12,10
3089,12,10
3090,12,10
3091,12,10
3092,12,10
3093,12,10
3094,12,10
3095,12,10
3096,12,10
3097,12,10
3098,12,10
3099,12,10
3100,12,10
3101,12,10
3102,12,10
3103,12,10
3104,12,10
3105,12,10
3106,12,10
3107,12,10
3108,12,10
3109,12,10
3110,12,10
3111,12,10
3112,12,10
3113,12,10
3114,12,10
3115,12,10
3116,12,10
3117,12,10
3118,12,10
3119,12,10
3120,12,10
3121,12,10
3122,12,10
3123,12,10
3124,12,10
3125,12,10
3126,12,10
3127,12,10
3128,12,10
3129,12,10
3130,12,10
3131,12,10
3132,12,10
3133,12,10
3134,12,10
3135,12,10
3136,12,10
3137,12,10
3138,12,10
3139,12,10
3140,12,10
3141,12,10
3142,12,10
3143,12,10
3144,12,10
3145,12,10
3146,12,10
3147,12,10
3148,12,10
3149,12,10
3150,12,10
3151,12,10
3152,12,10
3153,12,10
3154,12,10
3155,12,10
3156,12,10
3157,12,10
3158,12,10
3159,12,10
3160,12,10
3161,12,10
3162,12,10
3163,12,10
3164,12,10
3165,12,10
3166,12,10
3167,12,10
3168,12,10
3169,12,10
3170,12,10
3171,12,10
3172,12,10
3173,12,10
3174,12,10
3175,12,10
3176,12,10
3177,12,10
3178,12,10
3179,12,10
3180,12,10
3181,12,10
3182,12,10
3183,12,10
3184,12,10
3185,12,10
3186,12,10
3187,12,10
3188,12,10
3189,12,10
3190,12,10
3191,12,10
3192,12,10
3193,12,10
3194,12,10
3195,12,10
3196,12,10
3197,12,10
3198,12,10
3199,12,10
3200,12,10
3201,12,10
3202,12,10
3203,12,10
3204,12,10
3205,12,10
3206,12,10
3207,12,10
3208,12,10
3209,12,10
3210,12,10
3211,12,10
3212,12,10
3213,12,10
3214,12,10
3215,12,10
3216,12,10
3217,12,10
3218,12,10
3219,12,10
3220,12,10
3221,12,10
3222,12,10
3223,12,10
3224,12,10
3225,12,10
3226,12,10
3227,12,10
3228,12,10
3229,12,10
3230,12,10
3231,12,10
3232,12,10
3233,12,10
3234,12,10
3235,12,10
3236,12,10
3237,12,10
3238,12,10
3239,12,10
3240,12,10
3241,12,10
3242,12,10
3243,12,10
3244,12,10
3245,12,10
3246,12,10
3247,12,10
3248,12,10
3249,12,10
3250,12,10
3251,12,10
3252,12,10
3253,12,10
3254,12,10
3255,12,10
3256,12,10
3257,12,10
3258,12,10
3259,12,10
3260,12,10
3261,12,10
3262,12,10
3263,12,10
3264,12,10
3265,12,10
3266,12,10
3267,12,10
3268,12,10
3269,12,10
3270,12,10
3271,12,10
3272,12,10
3273,12,10
3274,12,10
3275,12,10
3276,12,10
3277,12,10
3278,12,10
3279,12,10
3280,12,10
3281,12,10
3282,12,10
3283,12,10
3284,12,10
3285,12,10
3286,12,10
3287,12,10
3288,12,10
3289,12,10
3290,12,10
3291,12,10
3292,12,10
3293,12,10
3294,12,10
3295,12,10
3296,12,10
3297,12,10
3298,12,10
3299,12,10
3300,12,10
3301,12,10
3302,12,10
3303,12,10
3304,12,10
3305,12,10
3306,12,10
3307,12,10
3308,12,10
3309,12,10
3310,12,10
3311,12,10
3312,12,10
3313,12,10
3314,12,10
3315,12,10
3316,12,10
3317,12,10
3318,12,10
3319,12,10
3320,12,10
3321,12,10
3322,12,10
3323,12,10
3324,12,10
3325,12,10
3326,12,10
3327,12,10
3328,12,10
3329,12,10
3330,12,10
3331,12,10
3332,12,10
3333,12,10
3334,12,10
3335,12,10
3336,12,10
3337,12,10
3338,12,10
3339,12,10
3340,12,10
3341,12,10
3342,12,10
3343,12,10
3344,12,10
3345,12,10
3346,12,10
3347,12,10
3348,12,10
3349,12,10
3350,12,10
3351,12,10
3352,12,10
3353,12,10
3354,12,10
3355,12,10
3356,12,10
3357,12,10
3358,12,10
3359,12,10
3360,12,10
3361,12,10
3362,12,10
3363,12,10
3364,12,10
3365,12,10
3366,12,10
3367,12,10
3368,12,10
3369,12,10
3370,12,10
3371,12,10
3372,12,10
3373,12,10
3374,12,10
3375,12,10
3376,12,10
3377,12,10
3378,12,10
3379,12,10
3380,12,10
3381,12,10
3382,12,10
3383,12,10
3384,12,10
3385,12,10
3386,12,10
3387,12,10
3388,12,10
3389,12,10
3390,12,10
3391,12,10
3392,12,10
3393,12,10
3394,12,10
3395,12,10
3396,12,10
3397,12,10
3398,12,10
3399,12,10
3400,12,10
3401,12,10
3402,12,10
3403,12,10
3404,12,10
3405,12,10
3406,12,10
3407,12,10
3408,12,10
3409,12,10
3410,12,10
3411,12,10
3412,12,10
3413,12,10
3414,12,10
3415,12,10
3416,12,10
3417,12,10
3418,12,10
3419,12,10
3420,12,10
3421,12,10
3422,12,10
3423,12,10
3424,12,10
3425,12,10
3426,12,10
3427,12,10
3428,12,10
3429,12,10
3430,12,10
3431,12,10
3432,12,10
3433,12,10
3434,12,10
3435,12,10
3436,12,10
3437,12,10
3438,12,10
3439,12,10
3440,12,10
3441,12,10
3442,12,10
3443,12,10
3444,12,10
3445,12,10
3446,12,10
3447,12,10
3448,12,10
3449,12,10
3450,12,10
3451,12,10
3452,12,10
3453,12,10
3454,12,10
3455,12,10
3456,12,10
3457,12,10
3458,12,10
3459,12,10
3460,12,10
3461,12,10
3462,12,10
3463,12,10
3464,12,10
3465,12,10
3466,12,10
3467,12,10
3468,12,10
3469,12,10
3470,12,10
3471,12,10
3472,12,10
3473,12,10
3474,12,10
3475,12,10
3476,12,10
3477,12,10
3478,12,10
3479,12,10
3480,12,10
3481,12,10
3482,12,10
3483,12,10
3484,12,10
3485,12,10
3486,12,10
3487,12,10
3488,12,10
3489,12,10
3490,12,10
3491,12,10
3492,12,10
3493,12,10
3494,12,10
3495,12,10
3496,12,10
3497,12,10
3498,12,10
3499,12,10
3500,12,10
3501,12,10
3502,12,10
3503,12,10
3504,12,10
3505,12,10
3506,12,10
3507,12,10
3508,12,10
3509,12,10
3510,12,10
3511,12,10
3512,12,10
3513,12,10
3514,12,10
3515,12,10
3516,12,10
3517,12,10
3518,12,10
3519,12,10
3520,12,10
3521,12,10
3522,12,10
3523,12,10
3524,12,10
3525,12,10
3526,12,10
3527,12,10
3528,12,10
3529,12,10
3530,12,10
3531,12,10
3532,12,10
3533,12,10
3534,12,10
3535,12,10
3536,12,10
3537,12,10
3538,12,10
3539,12,10
3540,12,10
3541,12,10
3542,12,10
3543,12,10
3544,12,10
3545,12,10
3546,12,10
3547,12,10
3548,12,10
3549,12,10
3550,12,10
3551,12,10
3552,12,10
3553,12,10
3554,12,10
3555,12,10
3556,12,10
3557,12,10
3558,12,10
3559,12,10
3560,12,10
3561,12,10
3562,12,10
3563,12,10
3564,12,10
3565,12,10
3566,12,10
3567,12,10
3568,12,10
3569,12,10
3570,12,10
3571,12,10
3572,12,10
3573,12,10
3574,12,10
3575,12,10
3576,12,10
3577,12,10
3578,12,10
3579,12,10
3580,12,10
3581,12,10
3582,12,10
3583,12,10
3584,12,10
3585,12,10
3586,12,10
3587,12,10
3588,12,10
3589,12,10
3590,12,10
3591,12,10
3592,12,10
3593,12,10
3594,12,10
3595,12,10
3596,12,10
3597,12,10
3598,12,10
3599,12,10
3600,12,10
3601,12,10
3602,12,10
3603,12,10
3604,12,10
3605,12,10
3606,12,10
3607,12,10
3608,12,10
3609,12,10
3610,12,10
3611,12,10
3612,12,10
3613,12,10
3614,12,10
3615,12,10
3616,12,10
3617,12,10
3618,12,10
3619,12,10
3620,12,10
3621,12,10
3622,12,10
3623,12,10
3624,12,10
3625,12,10
3626,12,10
3627,12,10
3628,12,10
3629,12,10
3630,12,10
3631,12,10
3632,12,10
3633,12,10
3634,12,10
3635,12,10
3636,12,10
3637,12,10
3638,12,10
3639,12,10
3640,12,10
3641,12,10
3642,12,10
3643,12,10
3644,12,10
3645,12,10
3646,12,10
3647,12,10
3648,12,10
3649,12,10
3650,12,10
3651,12,10
3652,12,10
3653,12,10
3654,12,10
3655,12,10
3656,12,10
3657,12,10
3658,12,10
3659,12,10
3660,12,10
3661,12,10
3662,12,10
3663,12,10
3664,12,10
3665,12,10
3666,12,10
3667,12,10
3668,12,10
3669,12,10
3670,12,10
3671,12,10
3672,12,10
3673,12,10
3674,12,10
3675,12,10
3676,12,10
3677,12,10
3678,12,10
3679,12,10
3680,12,10
3681,12,10
3682,12,10
3683,12,10
3684,12,10
3685,12,10
3686,12,10
3687,12,10
3688,12,10
3689,12,10
3690,12,10
3691,12,10
3692,12,10
3693,12,10
3694,12,10
3695,12,10
3696,12,10
3697,12,10
3698,12,10
3699,12,10
3700,12,10
3701,12,10
3702,12,10
3703,12,10
3704,12,10
3705,12,10
3706,12,10
3707,12,10
3708,12,10
3709,12,10
3710,12,10
3711,12,10
3712,12,10
3713,12,10
3714,12,10
3715,12,10
3716,12,10
3717,12,10
3718,12,10
3719,12,10
3720,12,10
3721,12,10
3722,12,10
3723,12,10
3724,12,10
3725,12,10
3726,12,10
3727,12,10
3728,12,10
3729,12,10
3730,12,10
3731,12,10
3732,12,10
3733,12,10
3734,12,10
3735,12,10
3736,12,10
3737,12,10
3738,12,10
3739,12,10
3740,12,10
3741,12,10
3742,12,10
3743,12,10
3744,12,10
3745,12,10
3746,12,10
3747,12,10
3748,12,10
3749,12,10
3750,12,10
3751,12,10
3752,12,10
3753,12,10
3754,12,10
3755,12,10
3756,12,10
3757,12,10
3758,12,10
3759,12,10
3760,12,10
3761,12,10
3762,12,10
3763,12,10
3764,12,10
3765,12,10
3766,12,10
3767,12,10
3768,12,10
3769,12,10
3770,12,10
3771,12,10
3772,12,10
3773,12,10
3774,12,10
3775,12,10
3776,12,10
3777,12,10
3778,12,10
3779,12,10
3780,12,10
3781,12,10
3782,12,10
3783,12,10
3784,12,10
3785,12,10
3786,12,10
3787,12,10
3788,12,10
3789,12,10
3790,12,10
3791,12,10
3792,12,10
3793,12,10
3794,12,10
3795,12,10
3796,12,10
3797,12,10
3798,12,10
3799,12,10
3800,12,10
3801,12,10
3802,12,10
3803,12,10
3804,12,10
3805,12,10
3806,12,10
3807,12,10
3808,12,10
3809,12,10
3810,12,10
3811,12,10
3812,12,10
3813,12,10
3814,12,10
3815,12,10
3816,12,10
3817,12,10
3818,12,10
3819,12,10
3820,12,10
3821,12,10
3822,12,10
3823,12,10
3824,12,10
3825,12,10
3826,12,10
3827,12,10
3828,12,10
3829,12,10
3830,12,10
3831,12,10
3832,12,10
3833,12,10
3834,12,10
3835,12,10
3836,12,10
3837,12,10
3838,12,10
3839,12,10
3840,12,10
3841,12,10
3842,12,10
3843,12,10
3844,12,10
3845,12,10
3846,12,10
3847,12,10
3848,12,10
3849,12,10
3850,12,10
3851,12,10
3852,12,10
3853,12,10
3854,12,10
3855,12,10
3856,12,10
3857,12,10
3858,12,10
3859,12,10
3860,12,10
3861,12,10
3862,12,10
3863,12,10
3864,12,10
3865,12,10
3866,12,10
3867,12,10
3868,12,10
3869,12,10
3870,12,10
3871,12,10
3872,12,10
3873,12,10
3874,12,10
3875,12,10
3876,12,10
3877,12,10
3878,12,10
3879,12,10
3880,12,10
3881,12,10
3882,12,10
3883,12,10
3884,12,10
3885,12,10
3886,12,10
3887,12,10
3888,12,10
3889,12,10
3890,12,10
3891,12,10
3892,12,10
3893,12,10
3894,12,10
3895,12,10
3896,12,10
3897,12,10
3898,12,10
3899,12,10
3900,12,10
3901,12,10
3902,12,10
3903,12,10
3904,12,10
3905,12,10
3906,12,10
3907,12,10
3908,12,10
3909,12,10
3910,12,10
3911,12,10
3912,12,10
3913,12,10
3914,12,10
3915,12,10
3916,12,10
3917,12,10
3918,12,10
3919,12,10
3920,12,10
3921,12,10
3922,12,10
3923,12,10
3924,12,10
3925,12,10
3926,12,10
3927,12,10
3928,12,10
3929,12,10
3930,12,10
3931,12,10
3932,12,10
3933,12,10
3934,12,10
3935,12,10
3936,12,10
3937,12,10
3938,12,10
3939,12,10
3940,12,10
3941,12,10
3942,12,10
3943,12,10
3944,12,10
3945,12,10
3946,12,10
3947,12,10
3948,12,10
3949,12,10
3950,12,10
3951,12,10
3952,12,10
3953,12,10
3954,12,10
3955,12,10
3956,12,10
3957,12,10
3958,12,10
3959,12,10
3960,12,10
3961,12,10
3962,12,10
3963,12,10
3964,12,10
3965,12,10
3966,12,10
3967,12,10
3968,12,10
3969,12,10
3970,12,10
3971,12,10
3972,12,10
3973,12,10
3974,12,10
3975,12,10
3976,12,10
3977,12,10
3978,12,10
3979,12,10
3980,12,10
3981,12,10
3982,12,10
3983,12,10
3984,12,10
3985,12,10
3986,12,10
3987,12,10
3988,12,10
3989,12,10
3990,12,10
3991,12,10
3992,12,10
3993,12,10
3994,12,10
3995,12,10
3996,12,10
3997,12,10
3998,12,10
3999,12,10
4000,12,10
4001,12,10
4002,12,10
4003,12,10
4004,12,10
4005,12,10
4006,12,10
4007,12,10
4008,12,10
4009,12,10
4010,12,10
4011,12,10
4012,12,10
4013,12,10
4014,12,10
4015,12,10
4016,12,10
4017,12,10
4018,12,10
4019,12,10
4020,12,10
4021,12,10
4022,12,10
4023,12,10
4024,12,10
4025,12,10
4026,12,10
4027,12,10
4028,12,10
4029,12,10
4030,12,10
4031,12,10
4032,12,10
4033,12,10
4034,12,10
4035,12,10
4036,12,10
4037,12,10
4038,12,10
4039,12,10
4040,12,10
4041,12,10
4042,12,10
4043,12,10
4044,12,10
4045,12,10
4046,12,10
4047,12,10
4048,12,10
4049,12,10
4050,12,10
4051,12,10
4052,12,10
4053,12,10
4054,12,10
4055,12,10
4056,12,10
4057,12,10
4058,12,10
4059,12,10
4060,12,10
4061,12,10
4062,12,10
4063,12,10
4064,12,10
4065,12,10
4066,12,10
4067,12,10
4068,12,10
4069,12,10
4070,12,10
4071,12,10
4072,12,10
4073,12,10
4074,12,10
4075,12,10
4076,12,10
4077,12,10
4078,12,10
4079,12,10
4080,12,10
4081,12,10
4082,12,10
4083,12,10
4084,12,10
4085,12,10
4086,12,10
4087,12,10
4088,12,10
4089,12,10
4090,12,10
4091,12,10
4092,12,10
4093,12,10
4094,12,10
4095,12,10
4096,12,10
4097,12,10
4098,12,10
4099,12,10
4100,12,10
4101,12,10
4102,12,10
4103,12,10
4104,12,10
4105,12,10
4106,12,10
4107,12,10
4108,12,10
4109,12,10
4110,12,10
4111,12,10
4112,12,10
4113,12,10
4114,12,10
4115,12,10
4116,12,10
4117,12,10
4118,12,10
4119,12,10
4120,12,10
4121,12,10
4122,12,10
4123,12,10
4124,12,10
4125,12,10
4126,12,10
4127,12,10
4128,12,10
4129,12,10
4130,12,10
4131,12,10
4132,12,10
4133,12,10
4134,12,10
4135,12,10
4136,12,10
4137,12,10
4138,12,10
4139,12,10
4140,12,10
4141,12,10
4142,12,10
4143,12,10
4144,12,10
4145,12,10
4146,12,10
4147,12,10
4148,12,10
4149,12,10
4150,12,10
4151,12,10
4152,12,10
4153,12,10
4154,12,10
4155,12,10
4156,12,10
4157,12,10
4158,12,10
4159,12,10
4160,12,10
4161,12,10
4162,12,10
4163,12,10
4164,12,10
4165,12,10
4166,12,10
4167,12,10
4168,12,10
4169,12,10
4170,12,10
4171,12,10
4172,12,10
4173,12,10
4174,12,10
4175,12,10
4176,12,10
4177,12,10
4178,12,10
4179,12,10
4180,12,10
4181,12,10
4182,12,10
4183,12,10
4184,12,10
4185,12,10
4186,12,10
4187,12,10
4188,12,10
4189,12,10
4190,12,10
4191,12,10
4192,12,10
4193,12,10
4194,12,10
4195,12,10
4196,12,10
4197,12,10
4198,12,10
4199,12,10
4200,12,10
4201,12,10
4202,12,10
4203,12,10
4204,12,10
4205,12,10
4206,12,10
4207,12,10
4208,12,10
4209,12,10
4210,12,10
4211,12,10
4212,12,10
4213,12,10
4214,12,10
4215,12,10
4216,12,10
4217,12,10
4218,12,10
4219,12,10
4220,12,10
4221,12,10
4222,12,10
4223,12,10
4224,12,10
4225,12,10
4226,12,10
4227,12,10
4228,12,10
4229,12,10
4230,12,10
4231,12,10
4232,12,10
4233,12,10
4234,12,10
4235,12,10
4236,12,10
4237,12,10
4238,12,10
4239,12,10
4240,12,10
4241,12,10
4242,12,10
4243,12,10
4244,12,10
4245,12,10
4246,12,10
4247,12,10
4248,12,10
4249,12,10
4250,12,10
4251,12,10
4252,12,10
4253,12,10
4254,12,10
4255,12,10
4256,12,10
4257,12,10
4258,12,10
4259,12,10
4260,12,10
4261,12,10
4262,12,10
4263,12,10
4264,12,10
4265,12,10
4266,12,10
4267,12,10
4268,12,10
4269,12,10
4270,12,10
4271,12,10
4272,12,10
4273,12,10
4274,12,10
4275,12,10
4276,12,10
4277,12,10
4278,12,10
4279,12,10
4280,12,10
4281,12,10
4282,12,10
4283,12,10
4284,12,10
4285,12,10
4286,12,10
4287,12,10
4288,12,10
4289,12,10
4290,12,10
4291,12,10
4292,12,10
4293,12,10
4294,12,10
4295,12,10
4296,12,10
4297,12,10
4298,12,10
4299,12,10
4300,12,10
4301,12,10
4302,12,10
4303,12,10
4304,12,10
4305,12,10
4306,12,10
4307,12,10
4308,12,10
4309,12,10
4310,12,10
4311,12,10
4312,12,10
4313,12,10
4314,12,10
4315,12,10
4316,12,10
4317,12,10
4318,12,10
4319,12,10
4320,12,10
4321,12,10
4322,12,10
4323,12,10
4324,12,10
4325,12,10
4326,12,10
4327,12,10
4328,12,10
4329,12,10
4330,12,10
4331,12,10
4332,12,10
4333,12,10
4334,12,10
4335,12,10
4336,12,10
4337,12,10
4338,12,10
4339,12,10
4340,12,10
4341,12,10
4342,12,10
4343,12,10
4344,12,10
4345,12,10
4346,12,10
4347,12,10
4348,12,10
4349,12,10
4350,12,10
4351,12,10
4352,12,10
4353,12,10
4354,12,10
4355,12,10
4356,12,10
4357,12,10
4358,12,10
4359,12,10
4360,12,10
4361,12,10
4362,12,10
4363,12,10
4364,12,10
4365,12,10
4366,12,10
4367,12,10
4368,12,10
4369,12,10
4370,12,10
4371,12,10
4372,12,10
4373,12,10
4374,12,10
4375,12,10
4376,12,10
4377,12,10
4378,12,10
4379,12,10
4380,12,10
4381,12,10
4382,12,10
4383,12,10
4384,12,10
4385,12,10
4386,12,10
4387,12,10
4388,12,10
4389,12,10
4390,12,10
4391,12,10
4392,12,10
4393,12,10
4394,12,10
4395,12,10
4396,12,10
4397,12,10
4398,12,10
4399,12,10
4400,12,10
4401,12,10
4402,12,10
4403,12,10
4404,12,10
4405,12,10
4406,12,10
4407,12,10
4408,12,10
4409,12,10
4410,12,10
4411,12,10
4412,12,10
4413,12,10
4414,12,10
4415,12,10
4416,12,10
4417,12,10
4418,12,10
4419,12,10
4420,12,10
4421,12,10
4422,12,10
4423,12,10
4424,12,10
4425,12,10
4426,12,10
4427,12,10
4428,12,10
4429,12,10
4430,12,10
4431,12,10
4432,12,10
4433,12,10
4434,12,10
4435,12,10
4436,12,10
4437,12,10
4438,12,10
4439,12,10
4440,12,10
4441,12,10
4442,12,10
4443,12,10
4444,12,10
4445,12,10
4446,12,10
4447,12,10
4448,12,10
4449,12,10
4450,12,10
4451,12,10
4452,12,10
4453,12,10
4454,12,10
4455,12,10
4456,12,10
4457,12,10
4458,12,10
4459,12,10
4460,12,10
4461,12,10
4462,12,10
4463,12,10
4464,12,10
4465,12,10
4466,12,10
4467,12,10
4468,12,10
4469,12,10
4470,12,10
4471,12,10
4472,12,10
4473,12,10
4474,12,10
4475,12,10
4476,12,10
4477,12,10
4478,12,10
4479,12,10
4480,12,10
4481,12,10
4482,12,10
4483,12,10
4484,12,10
4485,12,10
4486,12,10
4487,12,10
4488,12,10
4489,12,10
4490,12,10
4491,12,10
4492,12,10
4493,12,10
4494,12,10
4495,12,10
4496,12,10
4497,12,10
4498,12,10
4499,12,10
4500,12,10
4501,12,10
4502,12,10
4503,12,10
4504,12,10
4505,12,10
4506,12,10
4507,12,10
4508,12,10
4509,12,10
4510,12,10
4511,12,10
4512,12,10
4513,12,10
4514,12,10
4515,12,10
4516,12,10
4517,12,10
4518,12,10
4519,12,10
4520,12,10
4521,12,10
4522,12,10
4523,12,10
4524,12,10
4525,12,10
4526,12,10
4527,12,10
4528,12,10
4529,12,10
4530,12,10
4531,12,10
4532,12,10
4533,12,10
4534,12,10
4535,12,10
4536,12,10
4537,12,10
4538,12,10
4539,12,10
4540,12,10
4541,12,10
4542,12,10
4543,12,10
4544,12,10
4545,12,10
4546,12,10
4547,12,10
4548,12,10
4549,12,10
4550,12,10
4551,12,10
4552,12,10
4553,12,10
4554,12,10
4555,12,10
4556,12,10
4557,12,10
4558,12,10
4559,12,10
4560,12,10
4561,12,10
4562,12,10
4563,12,10
4564,12,10
4565,12,10
4566,12,10
4567,12,10
4568,12,10
4569,12,10
4570,12,10
4571,12,10
4572,12,10
4573,12,10
4574,12,10
4575,12,10
4576,12,10
4577,12,10
4578,12,10
4579,12,10
4580,12,10
4581,12,10
4582,12,10
4583,12,10
4584,12,10
4585,12,10
4586,12,10
4587,12,10
4588,12,10
4589,12,10
4590,12,10
4591,12,10
4592,12,10
4593,12,10
4594,12,10
4595,12,10
4596,12,10
4597,12,10
4598,12,10
4599,12,10
4600,12,10
4601,12,10
4602,12,10
4603,12,10
4604,12,10
4605,12,10
4606,12,10
4607,12,10
4608,12,10
4609,12,10
4610,12,10
4611,12,10
4612,12,10
4613,12,10
4614,12,10
4615,12,10
4616,12,10
4617,12,10
4618,12,10
4619,12,10
4620,12,10
4621,12,10
4622,12,10
4623,12,10
4624,12,10
4625,12,10
4626,12,10
4627,12,10
4628,12,10
4629,12,10
4630,12,10
4631,12,10
4632,12,10
4633,12,10
4634,12,10
4635,12,10
4636,12,10
4637,12,10
4638,12,10
4639,12,10
4640,12,10
4641,12,10
4642,12,10
4643,12,10
4644,12,10
4645,12,10
4646,12,10
4647,12,10
4648,12,10
4649,12,10
4650,12,10
4651,12,10
4652,12,10
4653,12,10
4654,12,10
4655,12,10
4656,12,10
4657,12,10
4658,12,10
4659,12,10
4660,12,10
4661,12,10
4662,12,10
4663,12,10
4664,12,10
4665,12,10
4666,12,10
4667,12,10
4668,12,10
4669,12,10
4670,12,10
4671,12,10
4672,12,10
4673,12,10
4674,12,10
4675,12,10
4676,12,10
4677,12,10
4678,12,10
4679,12,10
4680,12,10
4681,12,10
4682,12,10
4683,12,10
4684,12,10
4685,12,10
4686,12,10
4687,12,10
4688,12,10
4689,12,10
4690,12,10
4691,12,10
4692,12,10
4693,12,10
4694,12,10
4695,12,10
4696,12,10
4697,12,10
4698,12,10
4699,12,10
4700,12,10
4701,12,10
4702,12,10
4703,12,10
4704,12,10
4705,12,10
4706,12,10
4707,12,10
4708,12,10
4709,12,10
4710,12,10
4711,12,10
4712,12,10
4713,12,10
4714,12,10
4715,12,10
4716,12,10
4717,12,10
4718,12,10
4719,12,10
4720,12,10
4721,12,10
4722,12,10
4723,12,10
4724,12,10
4725,12,10
4726,12,10
4727,12,10
4728,12,10
4729,12,10
4730,12,10
4731,12,10
4732,12,10
4733,12,10
4734,12,10
4735,12,10
4736,12,10
4737,12,10
4738,12,10
4739,12,10
4740,12,10
4741,12,10
4742,12,10
4743,12,10
4744,12,10
4745,12,10
4746,12,10
4747,12,10
4748,12,10
4749,12,10
4750,12,10
4751,12,10
4752,12,10
4753,12,10
4754,12,10
4755,12,10
4756,12,10
4757,12,10
4758,12,10
4759,12,10
4760,12,10
4761,12,10
4762,12,10
4763,12,10
4764,12,10
4765,12,10
4766,12,10
4767,12,10
4768,12,10
4769,12,10
4770,12,10
4771,12,10
4772,12,10
4773,12,10
4774,12,10
4775,12,10
4776,12,10
4777,12,10
4778,12,10
4779,12,10
4780,12,10
4781,12,10
4782,12,10
4783,12,10
4784,12,10
4785,12,10
4786,12,10
4787,12,10
4788,12,10
4789,12,10
4790,12,10
4791,12,10
4792,12,10
4793,12,10
4794,12,10
4795,12,10
4796,12,10
4797,12,10
4798,12,10
4799,12,10
4800,12,10
4801,12,10
4802,12,10
4803,12,10
4804,12,10
4805,12,10
4806,12,10
4807,12,10
4808,12,10
4809,12,10
4810,12,10
4811,12,10
4812,12,10
4813,12,10
4814,12,10
4815,12,10
4816,12,10
4817,12,10
4818,12,10
4819,12,10
4820,12,10
4821,12,10
4822,12,10
4823,12,10
4824,12,10
4825,12,10
4826,12,10
4827,12,10
4828,12,10
4829,12,10
4830,12,10
4831,12,10
4832,12,10
4833,12,10
4834,12,10
4835,12,10
4836,12,10
4837,12,10
4838,12,10
4839,12,10
4840,12,10
4841,12,10
4842,12,10
4843,12,10
4844,12,10
4845,12,10
4846,12,10
4847,12,10
4848,12,10
4849,12,10
4850,12,10
4851,12,10
4852,12,10
4853,12,10
4854,12,10
4855,12,10
4856,12,10
4857,12,10
4858,12,10
4859,12,10
4860,12,10
4861,12,10
4862,12,10
4863,12,10
4864,12,10
4865,12,10
4866,12,10
4867,12,10
4868,12,10
4869,12,10
4870,12,10
4871,12,10
4872,12,10
4873,12,10
4874,12,10
4875,12,10
4876,12,10
4877,12,10
4878,12,10
4879,12,10
4880,12,10
4881,12,10
4882,12,10
4883,12,10
4884,12,10
4885,12,10
4886,12,10
4887,12,10
4888,12,10
4889,12,10
4890,12,10
4891,12,10
4892,12,10
4893,12,10
4894,12,10
4895,12,10
4896,12,10
4897,12,10
4898,12,10
4899,12,10
4900,12,10
4901,12,10
4902,12,10
4903,12,10
4904,12,10
4905,12,10
4906,12,10
4907,12,10
4908,12,10
4909,12,10
4910,12,10
4911,12,10
4912,12,10
4913,12,10
4914,12,10
4915,12,10
4916,12,10
4917,12,10
4918,12,10
4919,12,10
4920,12,10
4921,12,10
4922,12,10
4923,12,10
4924,12,10
4925,12,10
4926,12,10
4927,12,10
4928,12,10
4929,12,10
4930,12,10
4931,12,10
4932,12,10
4933,12,10
4934,12,10
4935,12,10
4936,12,10
4937,12,10
4938,12,10
4939,12,10
4940,12,10
4941,12,10
4942,12,10
4943,12,10
4944,12,10
4945,12,10
4946,12,10
4947,12,10
4948,12,10
4949,12,10
4950,12,10
4951,12,10
4952,12,10
4953,12,10
4954,12,10
4955,12,10
4956,12,10
4957,12,10
4958,12,10
4959,12,10
4960,12,10
4961,12,10
4962,12,10
4963,12,10
4964,12,10
4965,12,10
4966,12,10
4967,12,10
4968,12,10
4969,12,10
4970,12,10
4971,12,10
4972,12,10
4973,12,10
4974,12,10
4975,12,10
4976,12,10
4977,12,10
4978,12,10
4979,12,10
4980,12,10
4981,12,10
4982,12,10
4983,12,10
4984,12,10
4985,12,10
4986,12,10
4987,12,10
4988,12,10
4989,12,10
4990,12,10
4991,12,10
4992,12,10
4993,12,10
4994,12,10
4995,12,10
4996,12,10
4997,12,10
4998,12,10
4999,12,10
5000,12,10
5001,12,10
5002,12,10
5003,12,10
5004,12,10
5005,12,10
5006,12,10
5007,12,10
5008,12,10
5009,12,10
5010,12,10
5011,12,10
5012,12,10
5013,12,10
5014,12,10
5015,12,10
5016,12,10
5017,12,10
5018,12,10
5019,12,10
5020,12,10
5021,12,10
5022,12,10
5023,12,10
5024,12,10
5025,12,10
5026,12,10
5027,12,10
5028,12,10
5029,12,10
5030,12,10
5031,12,10
5032,12,10
5033,12,10
5034,12,10
5035,12,10
5036,12,10
5037,12,10
5038,12,10
5039,12,10
5040,12,10
5041,12,10
5042,12,10
5043,12,10
5044,12,10
5045,12,10
5046,12,10
5047,12,10
5048,12,10
5049,12,10
5050,12,10
5051,12,10
5052,12,10
5053,12,10
5054,12,10
5055,12,10
5056,12,10
5057,12,10
5058,12,10
5059,12,10
5060,12,10
5061,12,10
5062,12,10
5063,12,10
5064,12,10
5065,12,10
5066,12,10
5067,12,10
5068,12,10
5069,12,10
5070,12,10
5071,12,10
5072,12,10
5073,12,10
5074,12,10
5075,12,10
5076,12,10
5077,12,10
5078,12,10
5079,12,10
5080,12,10
5081,12,10
5082,12,10
5083,12,10
5084,12,10
5085,12,10
5086,12,10
5087,12,10
5088,12,10
5089,12,10
5090,12,10
5091,12,10
5092,12,10
5093,12,10
5094,12,10
5095,12,10
5096,12,10
5097,12,10
5098,12,10
5099,12,10
5100,12,10
5101,12,10
5102,12,10
5103,12,10
5104,12,10
5105,12,10
5106,12,10
5107,12,10
5108,12,10
5109,12,10
5110,12,10
5111,12,10
5112,12,10
5113,12,10
5114,12,10
5115,12,10
5116,12,10
5117,12,10
5118,12,10
5119,12,10
5120,12,10
5121,12,10
5122,12,10
5123,12,10
5124,12,10
5125,12,10
5126,12,10
5127,12,10
5128,12,10
5129,12,10
5130,12,10
5131,12,10
5132,12,10
5133,12,10
5134,12,10
5135,12,10
5136,12,10
5137,12,10
5138,12,10
5139,12,10
5140,12,10
5141,12,10
5142,12,10
5143,12,10
5144,12,10
5145,12,10
5146,12,10
5147,12,10
5148,12,10
5149,12,10
5150,12,10
5151,12,10
5152,12,10
5153,12,10
5154,12,10
5155,12,10
5156,12,10
5157,12,10
5158,12,10
5159,12,10
5160,12,10
5161,12,10
5162,12,10
5163,12,10
5164,12,10
5165,12,10
5166,12,10
5167,12,10
5168,12,10
5169,12,10
5170,12,10
5171,12,10
5172,12,10
5173,12,10
5174,12,10
5175,12,10
5176,12,10
5177,12,10
5178,12,10
5179,12,10
5180,12,10
5181,12,10
5182,12,10
5183,12,10
5184,12,10
5185,12,10
5186,12,10
5187,12,10
5188,12,10
5189,12,10
5190,12,10
5191,12,10
5192,12,10
5193,12,10
5194,12,10
5195,12,10
5196,12,10
5197,12,10
5198,12,10
5199,12,10
5200,12,10
5201,12,10
5202,12,10
5203,12,10
5204,12,10
5205,12,10
5206,12,10
5207,12,10
5208,12,10
5209,12,10
5210,12,10
5211,12,10
5212,12,10
5213,12,10
5214,12,10
5215,12,10
5216,12,10
5217,12,10
5218,12,10
5219,12,10
5220,12,10
5221,12,10
5222,12,10
5223,12,10
5224,12,10
5225,12,10
5226,12,10
5227,12,10
5228,12,10
5229,12,10
5230,12,10
5231,12,10
5232,12,10
5233,12,10
5234,12,10
5235,12,10
5236,12,10
5237,12,10
5238,12,10
5239,12,10
5240,12,10
5241,12,10
5242,12,10
5243,12,10
5244,12,10
5245,12,10
5246,12,10
5247,12,10
5248,12,10
5249,12,10
5250,12,10
5251,12,10
5252,12,10
5253,12,10
5254,12,10
5255,12,10
5256,12,10
5257,12,10
5258,12,10
5259,12,10
5260,12,10
5261,12,10
5262,12,10
5263,12,10
5264,12,10
5265,12,10
5266,12,10
5267,12,10
5268,12,10
5269,12,10
5270,12,10
5271,12,10
5272,12,10
5273,12,10
5274,12,10
5275,12,10
5276,12,10
5277,12,10
5278,12,10
5279,12,10
5280,12,10
5281,12,10
5282,12,10
5283,12,10
5284,12,10
5285,12,10
5286,12,10
5287,12,10
5288,12,10
5289,12,10
5290,12,10
5291,12,10
5292,12,10
5293,12,10
5294,12,10
5295,12,10
5296,12,10
5297,12,10
5298,12,10
5299,12,10
5300,12,10
5301,12,10
5302,12,10
5303,12,10
5304,12,10
5305,12,10
5306,12,10
5307,12,10
5308,12,10
5309,12,10
5310,12,10
5311,12,10
5312,12,10
5313,12,10
5314,12,10
5315,12,10
5316,12,10
5317,12,10
5318,12,10
5319,12,10
5320,12,10
5321,12,10
5322,12,10
5323,12,10
5324,12,10
5325,12,10
5326,12,10
5327,12,10
5328,12,10
5329,12,10
5330,12,10
5331,12,10
5332,12,10
5333,12,10
5334,12,10
5335,12,10
5336,12,10
5337,12,10
5338,12,10
5339,12,10
5340,12,10
5341,12,10
5342,12,10
5343,12,10
5344,12,10
5345,12,10
5346,12,10
5347,12,10
5348,12,10
5349,12,10
5350,12,10
5351,12,10
5352,12,10
5353,12,10
5354,12,10
5355,12,10
5356,12,10
5357,12,10
5358,12,10
5359,12,10
5360,12,10
5361,12,10
5362,12,10
5363,12,10
5364,12,10
5365,12,10
5366,12,10
5367,12,10
5368,12,10
5369,12,10
5370,12,10
5371,12,10
5372,12,10
5373,12,10
5374,12,10
5375,12,10
5376,12,10
5377,12,10
5378,12,10
5379,12,10
5380,12,10
5381,12,10
5382,12,10
5383,12,10
5384,12,10
5385,12,10
5386,12,10
5387,12,10
5388,12,10
5389,12,10
5390,12,10
5391,12,10
5392,12,10
5393,12,10
5394,12,10
5395,12,10
5396,12,10
5397,12,10
5398,12,10
5399,12,10
5400,12,10
5401,12,10
5402,12,10
5403,12,10
5404,12,10
5405,12,10
5406,12,10
5407,12,10
5408,12,10
5409,12,10
5410,12,10
5411,12,10
5412,12,10
5413,12,10
5414,12,10
5415,12,10
5416,12,10
5417,12,10
5418,12,10
5419,12,10
5420,12,10
5421,12,10
5422,12,10
5423,12,10
5424,12,10
5425,12,10
5426,12,10
5427,12,10
5428,12,10
5429,12,10
5430,12,10
5431,12,10
5432,12,10
5433,12,10
5434,12,10
5435,12,10
5436,12,10
5437,12,10
5438,12,10
5439,12,10
5440,12,10
5441,12,10
5442,12,10
5443,12,10
5444,12,10
5445,12,10
5446,12,10
5447,12,10
5448,12,10
5449,12,10
5450,12,10
5451,12,10
5452,12,10
5453,12,10
5454,12,10
5455,12,10
5456,12,10
5457,12,10
5458,12,10
5459,12,10
5460,12,10
5461,12,10
5462,12,10
5463,12,10
5464,12,10
5465,12,10
5466,12,10
5467,12,10
5468,12,10
5469,12,10
5470,12,10
5471,12,10
5472,12,10
5473,12,10
5474,12,10
5475,12,10
5476,12,10
5477,12,10
5478,12,10
5479,12,10
5480,12,10
5481,12,10
5482,12,10
5483,12,10
5484,12,10
5485,12,10
5486,12,10
5487,12,10
5488,12,10
5489,12,10
5490,12,10
5491,12,10
5492,12,10
5493,12,10
5494,12,10
5495,12,10
5496,12,10
5497,12,10
5498,12,10
5499,12,10
5500,12,10
5501,12,10
5502,12,10
5503,12,10
5504,12,10
5505,12,10
5506,12,10
5507,12,10
5508,12,10
5509,12,10
5510,12,10
5511,12,10
5512,12,10
5513,12,10
5514,12,10
5515,12,10
5516,12,10
5517,12,10
5518,12,10
5519,12,10
5520,12,10
5521,12,10
5522,12,10
5523,12,10
5524,12,10
5525,12,10
5526,12,10
5527,12,10
5528,12,10
5529,12,10
5530,12,10
5531,12,10
5532,12,10
5533,12,10
5534,12,10
5535,12,10
5536,12,10
5537,12,10
5538,12,10
5539,12,10
5540,12,10
5541,12,10
5542,12,10
5543,12,10
5544,12,10
5545,12,10
5546,12,10
5547,12,10
5548,12,10
5549,12,10
5550,12,10
5551,12,10
5552,12,10
5553,12,10
5554,12,10
5555,12,10
5556,12,10
5557,12,10
5558,12,10
5559,12,10
5560,12,10
5561,12,10
5562,12,10
5563,12,10
5564,12,10
5565,12,10
5566,12,10
5567,12,10
5568,12,10
5569,12,10
5570,12,10
5571,12,10
5572,12,10
5573,12,10
5574,12,10
5575,12,10
5576,12,10
5577,12,10
5578,12,10
5579,12,10
5580,12,10
5581,12,10
5582,12,10
5583,12,10
5584,12,10
5585,12,10
5586,12,10
5587,12,10
5588,12,10
5589,12,10
5590,12,10
5591,12,10
5592,12,10
5593,12,10
5594,12,10
5595,12,10
5596,12,10
5597,12,10
5598,12,10
5599,12,10
5600,12,10
5601,12,10
5602,12,10
5603,12,10
5604,12,10
5605,12,10
5606,12,10
5607,12,10
5608,12,10
5609,12,10
5610,12,10
5611,12,10
5612,12,10
5613,12,10
5614,12,10
5615,12,10
5616,12,10
5617,12,10
5618,12,10
5619,12,10
5620,12,10
5621,12,10
5622,12,10
5623,12,10
5624,12,10
5625,12,10
5626,12,10
5627,12,10
5628,12,10
5629,12,10
5630,12,10
5631,12,10
5632,12,10
5633,12,10
5634,12,10
5635,12,10
5636,12,10
5637,12,10
5638,12,10
5639,12,10
5640,12,10
5641,12,10
5642,12,10
5643,12,10
5644,12,10
5645,12,10
5646,12,10
5647,12,10
5648,12,10
5649,12,10
5650,12,10
5651,12,10
5652,12,10
5653,12,10
5654,12,10
5655,12,10
5656,12,10
5657,12,10
5658,12,10
5659,12,10
5660,12,10
5661,12,10
5662,12,10
5663,12,10
5664,12,10
5665,12,10
5666,12,10
5667,12,10
5668,12,10
5669,12,10
5670,12,10
5671,12,10
5672,12,10
5673,12,10
5674,12,10
5675,12,10
5676,12,10
5677,12,10
5678,12,10
5679,12,10
5680,12,10
5681,12,10
5682,12,10
5683,12,10
5684,12,10
5685,12,10
5686,12,10
5687,12,10
5688,12,10
5689,12,10
5690,12,10
5691,12,10
5692,12,10
5693,12,10
5694,12,10
5695,12,10
5696,12,10
5697,12,10
5698,12,10
5699,12,10
5700,12,10
5701,12,10
5702,12,10
5703,12,10
5704,12,10
5705,12,10
5706,12,10
5707,12,10
5708,12,10
5709,12,10
5710,12,10
5711,12,10
5712,12,10
5713,12,10
5714,12,10
5715,12,10
5716,12,10
5717,12,10
5718,12,10
5719,12,10
5720,12,10
5721,12,10
5722,12,10
5723,12,10
5724,12,10
5725,12,10
5726,12,10
5727,12,10
5728,12,10
5729,12,10
5730,12,10
5731,12,10
5732,12,10
5733,12,10
5734,12,10
5735,12,10
5736,12,10
5737,12,10
5738,12,10
5739,12,10
5740,12,10
5741,12,10
5742,12,10
5743,12,10
5744,12,10
5745,12,10
5746,12,10
5747,12,10
5748,12,10
5749,12,10
5750,12,10
5751,12,10
5752,12,10
5753,12,10
5754,12,10
5755,12,10
5756,12,10
5757,12,10
5758,12,10
5759,12,10
5760,12,10
5761,12,10
5762,12,10
5763,12,10
5764,12,10
5765,12,10
5766,12,10
5767,12,10
5768,12,10
5769,12,10
5770,12,10
5771,12,10
5772,12,10
5773,12,10
5774,12,10
5775,12,10
5776,12,10
5777,12,10
5778,12,10
5779,12,10
5780,12,10
5781,12,10
5782,12,10
5783,12,10
5784,12,10
5785,12,10
5786,12,10
5787,12,10
5788,12,10
5789,12,10
5790,12,10
5791,12,10
5792,12,10
5793,12,10
5794,12,10
5795,12,10
5796,12,10
5797,12,10
5798,12,10
5799,12,10
5800,12,10
5801,12,10
5802,12,10
5803,12,10
5804,12,10
5805,12,10
5806,12,10
5807,12,10
5808,12,10
5809,12,10
5810,12,10
5811,12,10
5812,12,10
5813,12,10
5814,12,10
5815,12,10
5816,12,10
5817,12,10
5818,12,10
5819,12,10
5820,12,10
5821,12,10
5822,12,10
5823,12,10
5824,12,10
5825,12,10
5826,12,10
5827,12,10
5828,12,10
5829,12,10
5830,12,10
5831,12,10
5832,12,10
5833,12,10
5834,12,10
5835,12,10
5836,12,10
5837,12,10
5838,12,10
5839,12,10
5840,12,10
5841,12,10
5842,12,10
5843,12,10
5844,12,10
5845,12,10
5846,12,10
5847,12,10
5848,12,10
5849,12,10
5850,12,10
5851,12,10
5852,12,10
5853,12,10
5854,12,10
5855,12,10
5856,12,10
5857,12,10
5858,12,10
5859,12,10
5860,12,10
5861,12,10
5862,12,10
5863,12,10
5864,12,10
5865,12,10
5866,12,10
5867,12,10
5868,12,10
5869,12,10
5870,12,10
5871,12,10
5872,12,10
5873,12,10
5874,12,10
5875,12,10
5876,12,10
5877,12,10
5878,12,10
5879,12,10
5880,12,10
5881,12,10
5882,12,10
5883,12,10
5884,12,10
5885,12,10
5886,12,10
5887,12,10
5888,12,10
5889,12,10
5890,12,10
5891,12,10
5892,12,10
5893,12,10
5894,12,10
5895,12,10
5896,12,10
5897,12,10
5898,12,10
5899,12,10
5900,12,10
5901,12,10
5902,12,10
5903,12,10
5904,12,10
5905,12,10
5906,12,10
5907,12,10
5908,12,10
5909,12,10
5910,12,10
5911,12,10
5912,12,10
5913,12,10
5914,12,10
5915,12,10
5916,12,10
5917,12,10
5918,12,10
5919,12,10
5920,12,10
5921,12,10
5922,12,10
5923,12,10
5924,12,10
5925,12,10
5926,12,10
5927,12,10
5928,12,10
5929,12,10
5930,12,10
5931,12,10
5932,12,10
5933,12,10
5934,12,10
5935,12,10
5936,12,10
5937,12,10
5938,12,10
5939,12,10
5940,12,10
5941,12,10
5942,12,10
5943,12,10
5944,12,10
5945,12,10
5946,12,10
5947,12,10
5948,12,10
5949,12,10
5950,12,10
5951,12,10
5952,12,10
5953,12,10
5954,12,10
5955,12,10
5956,12,10
5957,12,10
5958,12,10
5959,12,10
5960,12,10
5961,12,10
5962,12,10
5963,12,10
5964,12,10
5965,12,10
5966,12,10
5967,12,10
5968,12,10
5969,12,10
5970,12,10
5971,12,10
5972,12,10
5973,12,10
5974,12,10
5975,12,10
5976,12,10
5977,12,10
5978,12,10
5979,12,10
5980,12,10
5981,12,10
5982,12,10
5983,12,10
5984,12,10
5985,12,10
5986,12,10
5987,12,10
5988,12,10
5989,12,10
5990,12,10
5991,12,10
5992,12,10
5993,12,10
5994,12,10
5995,12,10
5996,12,10
5997,12,10
5998,12,10
5999,12,10
6000,12,10
6001,12,10
6002,12,10
6003,12,10
6004,12,10
6005,12,10
6006,12,10
6007,12,10
6008,12,10
6009,12,10
6010,12,10
6011,12,10
6012,12,10
6013,12,10
6014,12,10
6015,12,10
6016,12,10
6017,12,10
6018,12,10
6019,12,10
6020,12,10
6021,12,10
6022,12,10
6023,12,10
6024,12,10
6025,12,10
6026,12,10
6027,12,10
6028,12,10
6029,12,10
6030,12,10
6031,12,10
6032,12,10
6033,12,10
6034,12,10
6035,12,10
6036,12,10
6037,12,10
6038,12,10
6039,12,10
6040,12,10
6041,12,10
6042,12,10
6043,12,10
6044,12,10
6045,12,10
6046,12,10
6047,12,10
6048,12,10
6049,12,10
6050,12,10
6051,12,10
6052,12,10
6053,12,10
6054,12,10
6055,12,10
6056,12,10
6057,12,10
6058,12,10
6059,12,10
6060,12,10
6061,12,10
6062,12,10
6063,12,10
6064,12,10
6065,12,10
6066,12,10
6067,12,10
6068,12,10
6069,12,10
6070,12,10
6071,12,10
6072,12,10
6073,12,10
6074,12,10
6075,12,10
6076,12,10
6077,12,10
6078,12,10
6079,12,10
6080,12,10
6081,12,10
6082,12,10
6083,12,10
6084,12,10
6085,12,10
6086,12,10
6087,12,10
6088,12,10
6089,12,10
6090,12,10
6091,12,10
6092,12,10
6093,12,10
6094,12,10
6095,12,10
6096,12,10
6097,12,10
6098,12,10
6099,12,10
6100,12,10
6101,12,10
6102,12,10
6103,12,10
6104,12,10
6105,12,10
6106,12,10
6107,12,10
6108,12,10
6109,12,10
6110,12,10
6111,12,10
6112,12,10
6113,12,10
6114,12,10
6115,12,10
6116,12,10
6117,12,10
6118,12,10
6119,12,10
6120,12,10
6121,12,10
6122,12,10
6123,12,10
6124,12,10
6125,12,10
6126,12,10
6127,12,10
6128,12,10
6129,12,10
6130,12,10
6131,12,10
6132,12,10
6133,12,10
6134,12,10
6135,12,10
6136,12,10
6137,12,10
6138,12,10
6139,12,10
6140,12,10
6141,12,10
6142,12,10
6143,12,10
6144,12,10
6145,12,10
6146,12,10
6147,12,10
6148,12,10
6149,12,10
6150,12,10
6151,12,10
6152,12,10
6153,12,10
6154,12,10
6155,12,10
6156,12,10
6157,12,10
6158,12,10
6159,12,10
6160,12,10
6161,12,10
6162,12,10
6163,12,10
6164,12,10
6165,12,10
6166,12,10
6167,12,10
6168,12,10
6169,12,10
6170,12,10
6171,12,10
6172,12,10
6173,12,10
6174,12,10
6175,12,10
6176,12,10
6177,12,10
6178,12,10
6179,12,10
6180,12,10
6181,12,10
6182,12,10
6183,12,10
6184,12,10
6185,12,10
6186,12,10
6187,12,10
6188,12,10
6189,12,10
6190,12,10
6191,12,10
6192,12,10
6193,12,10
6194,12,10
6195,12,10
6196,12,10
6197,12,10
6198,12,10
6199,12,10
6200,12,10
6201,12,10
6202,12,10
6203,12,10
6204,12,10
6205,12,10
6206,12,10
6207,12,10
6208,12,10
6209,12,10
6210,12,10
6211,12,10
6212,12,10
6213,12,10
6214,12,10
6215,12,10
6216,12,10
6217,12,10
6218,12,10
6219,12,10
6220,12,10
6221,12,10
6222,12,10
6223,12,10
6224,12,10
6225,12,10
6226,12,10
6227,12,10
6228,12,10
6229,12,10
6230,12,10
6231,12,10
6232,12,10
6233,12,10
6234,12,10
6235,12,10
6236,12,10
6237,12,10
6238,12,10
6239,12,10
6240,12,10
6241,12,10
6242,12,10
6243,12,10
6244,12,10
6245,12,10
6246,12,10
6247,12,10
6248,12,10
6249,12,10
6250,12,10
6251,12,10
6252,12,10
6253,12,10
6254,12,10
6255,12,10
6256,12,10
6257,12,10
6258,12,10
6259,12,10
6260,12,10
6261,12,10
6262,12,10
6263,12,10
6264,12,10
6265,12,10
6266,12,10
6267,12,10
6268,12,10
6269,12,10
6270,12,10
6271,12,10
6272,12,10
6273,12,10
6274,12,10
6275,12,10
6276,12,10
6277,12,10
6278,12,10
6279,12,10
6280,12,10
6281,12,10
6282,12,10
6283,12,10
6284,12,10
6285,12,10
6286,12,10
6287,12,10
6288,12,10
6289,12,10
6290,12,10
6291,12,10
6292,12,10
6293,12,10
6294,12,10
6295,12,10
6296,12,10
6297,12,10
6298,12,10
6299,12,10
6300,12,10
6301,12,10
6302,12,10
6303,12,10
6304,12,10
6305,12,10
6306,12,10
6307,12,10
6308,12,10
6309,12,10
6310,12,10
6311,12,10
6312,12,10
6313,12,10
6314,12,10
6315,12,10
6316,12,10
6317,12,10
6318,12,10
6319,12,10
6320,12,10
6321,12,10
6322,12,10
6323,12,10
6324,12,10
6325,12,10
6326,12,10
6327,12,10
6328,12,10
6329,12,10
6330,12,10
6331,12,10
6332,12,10
6333,12,10
6334,12,10
6335,12,10
6336,12,10
6337,12,10
6338,12,10
6339,12,10
6340,12,10
6341,12,10
6342,12,10
6343,12,10
6344,12,10
6345,12,10
6346,12,10
6347,12,10
6348,12,10
6349,12,10
6350,12,10
6351,12,10
6352,12,10
6353,12,10
6354,12,10
6355,12,10
6356,12,10
6357,12,10
6358,12,10
6359,12,10
6360,12,10
6361,12,10
6362,12,10
6363,12,10
6364,12,10
6365,12,10
6366,12,10
6367,12,10
6368,12,10
6369,12,10
6370,12,10
6371,12,10
6372,12,10
6373,12,10
6374,12,10
6375,12,10
6376,12,10
6377,12,10
6378,12,10
6379,12,10
6380,12,10
6381,12,10
6382,12,10
6383,12,10
6384,12,10
6385,12,10
6386,12,10
6387,12,10
6388,12,10
6389,12,10
6390,12,10
6391,12,10
6392,12,10
6393,12,10
6394,12,10
6395,12,10
6396,12,10
6397,12,10
6398,12,10
6399,12,10
6400,12,10
6401,12,10
6402,12,10
6403,12,10
6404,12,10
6405,12,10
6406,12,10
6407,12,10
6408,12,10
6409,12,10
6410,12,10
6411,12,10
6412,12,10
6413,12,10
6414,12,10
6415,12,10
6416,12,10
6417,12,10
6418,12,10
6419,12,10
6420,12,10
6421,12,10
6422,12,10
6423,12,10
6424,12,10
6425,12,10
6426,12,10
6427,12,10
6428,12,10
6429,12,10
6430,12,10
6431,12,10
6432,12,10
6433,12,10
6434,12,10
6435,12,10
6436,12,10
6437,12,10
6438,12,10
6439,12,10
6440,12,10
6441,12,10
6442,12,10
6443,12,10
6444,12,10
6445,12,10
6446,12,10
6447,12,10
6448,12,10
6449,12,10
6450,12,10
6451,12,10
6452,12,10
6453,12,10
6454,12,10
6455,12,10
6456,12,10
6457,12,10
6458,12,10
6459,12,10
6460,12,10
6461,12,10
6462,12,10
6463,12,10
6464,12,10
6465,12,10
6466,12,10
6467,12,10
6468,12,10
6469,12,10
6470,12,10
6471,12,10
6472,12,10
6473,12,10
6474,12,10
6475,12,10
6476,12,10
6477,12,10
6478,12,10
6479,12,10
6480,12,10
6481,12,10
6482,12,10
6483,12,10
6484,12,10
6485,12,10
6486,12,10
6487,12,10
6488,12,10
6489,12,10
6490,12,10
6491,12,10
6492,12,10
6493,12,10
6494,12,10
6495,12,10
6496,12,10
6497,12,10
6498,12,10
6499,12,10
6500,12,10
6501,12,10
6502,12,10
6503,12,10
6504,12,10
6505,12,10
6506,12,10
6507,12,10
6508,12,10
6509,12,10
6510,12,10
6511,12,10
6512,12,10
6513,12,10
6514,12,10
6515,12,10
6516,12,10
6517,12,10
6518,12,10
6519,12,10
6520,12,10
6521,12,10
6522,12,10
6523,12,10
6524,12,10
6525,12,10
6526,12,10
6527,12,10
6528,12,10
6529,12,10
6530,12,10
6531,12,10
6532,12,10
6533,12,10
6534,12,10
6535,12,10
6536,12,10
6537,12,10
6538,12,10
6539,12,10
6540,12,10
6541,12,10
6542,12,10
6543,12,10
6544,12,10
6545,12,10
6546,12,10
6547,12,10
6548,12,10
6549,12,10
6550,12,10
6551,12,10
6552,12,10
6553,12,10
6554,12,10
6555,12,10
6556,12,10
6557,12,10
6558,12,10
6559,12,10
6560,12,10
6561,12,10
6562,12,10
6563,12,10
6564,12,10
6565,12,10
6566,12,10
6567,12,10
6568,12,10
6569,12,10
6570,12,10
6571,12,10
6572,12,10
6573,12,10
6574,12,10
6575,12,10
6576,12,10
6577,12,10
6578,12,10
6579,12,10
6580,12,10
6581,12,10
6582,12,10
6583,12,10
6584,12,10
6585,12,10
6586,12,10
6587,12,10
6588,12,10
6589,12,10
6590,12,10
6591,12,10
6592,12,10
6593,12,10
6594,12,10
6595,12,10
6596,12,10
6597,12,10
6598,12,10
6599,12,10
6600,12,10
6601,12,10
6602,12,10
6603,12,10
6604,12,10
6605,12,10
6606,12,10
6607,12,10
6608,12,10
6609,12,10
6610,12,10
6611,12,10
6612,12,10
6613,12,10
6614,12,10
6615,12,10
6616,12,10
6617,12,10
6618,12,10
6619,12,10
6620,12,10
6621,12,10
6622,12,10
6623,12,10
6624,12,10
6625,12,10
6626,12,10
6627,12,10
6628,12,10
6629,12,10
6630,12,10
6631,12,10
6632,12,10
6633,12,10
6634,12,10
6635,12,10
6636,12,10
6637,12,10
6638,12,10
6639,12,10
6640,12,10
6641,12,10
6642,12,10
6643,12,10
6644,12,10
6645,12,10
6646,12,10
6647,12,10
6648,12,10
6649,12,10
6650,12,10
6651,12,10
6652,12,10
6653,12,10
6654,12,10
6655,12,10
6656,12,10
6657,12,10
6658,12,10
6659,12,10
6660,12,10
6661,12,10
6662,12,10
6663,12,10
6664,12,10
6665,12,10
6666,12,10
6667,12,10
6668,12,10
6669,12,10
6670,12,10
6671,12,10
6672,12,10
6673,12,10
6674,12,10
6675,12,10
6676,12,10
6677,12,10
6678,12,10
6679,12,10
6680,12,10
6681,12,10
6682,12,10
6683,12,10
6684,12,10
6685,12,10
6686,12,10
6687,12,10
6688,12,10
6689,12,10
6690,12,10
6691,12,10
6692,12,10
6693,12,10
6694,12,10
6695,12,10
6696,12,10
6697,12,10
6698,12,10
6699,12,10
6700,12,10
6701,12,10
6702,12,10
6703,12,10
6704,12,10
6705,12,10
6706,12,10
6707,12,10
6708,12,10
6709,12,10
6710,12,10
6711,12,10
6712,12,10
6713,12,10
6714,12,10
6715,12,10
6716,12,10
6717,12,10
6718,12,10
6719,12,10
6720,12,10
6721,12,10
6722,12,10
6723,12,10
6724,12,10
6725,12,10
6726,12,10
6727,12,10
6728,12,10
6729,12,10
6730,12,10
6731,12,10
6732,12,10
6733,12,10
6734,12,10
6735,12,10
6736,12,10
6737,12,10
6738,12,10
6739,12,10
6740,12,10
6741,12,10
6742,12,10
6743,12,10
6744,12,10
6745,12,10
6746,12,10
6747,12,10
6748,12,10
6749,12,10
6750,12,10
6751,12,10
6752,12,10
6753,12,10
6754,12,10
6755,12,10
6756,12,10
6757,12,10
6758,12,10
6759,12,10
6760,12,10
6761,12,10
6762,12,10
6763,12,10
6764,12,10
6765,12,10
6766,12,10
6767,12,10
6768,12,10
6769,12,10
6770,12,10
6771,12,10
6772,12,10
6773,12,10
6774,12,10
6775,12,10
6776,12,10
6777,12,10
6778,12,10
6779,12,10
6780,12,10
6781,12,10
6782,12,10
6783,12,10
6784,12,10
6785,12,10
6786,12,10
6787,12,10
6788,12,10
6789,12,10
6790,12,10
6791,12,10
6792,12,10
6793,12,10
6794,12,10
6795,12,10
6796,12,10
6797,12,10
6798,12,10
6799,12,10
6800,12,10
6801,12,10
6802,12,10
6803,12,10
6804,12,10
6805,12,10
6806,12,10
6807,12,10
6808,12,10
6809,12,10
6810,12,10
6811,12,10
6812,12,10
6813,12,10
6814,12,10
6815,12,10
6816,12,10
6817,12,10
6818,12,10
6819,12,10
6820,12,10
6821,12,10
6822,12,10
6823,12,10
6824,12,10
6825,12,10
6826,12,10
6827,12,10
6828,12,10
6829,12,10
6830,12,10
6831,12,10
6832,12,10
6833,12,10
6834,12,10
6835,12,10
6836,12,10
6837,12,10
6838,12,10
6839,12,10
6840,12,10
6841,12,10
6842,12,10
6843,12,10
6844,12,10
6845,12,10
6846,12,10
6847,12,10
6848,12,10
6849,12,10
6850,12,10
6851,12,10
6852,12,10
6853,12,10
6854,12,10
6855,12,10
6856,12,10
6857,12,10
6858,12,10
6859,12,10
6860,12,10
6861,12,10
6862,12,10
6863,12,10
6864,12,10
6865,12,10
6866,12,10
6867,12,10
6868,12,10
6869,12,10
6870,12,10
6871,12,10
6872,12,10
6873,12,10
6874,12,10
6875,12,10
6876,12,10
6877,12,10
6878,12,10
6879,12,10
6880,12,10
6881,12,10
6882,12,10
6883,12,10
6884,12,10
6885,12,10
6886,12,10
6887,12,10
6888,12,10
6889,12,10
6890,12,10
6891,12,10
6892,12,10
6893,12,10
6894,12,10
6895,12,10
6896,12,10
6897,12,10
6898,12,10
6899,12,10
6900,12,10
6901,12,10
6902,12,10
6903,12,10
6904,12,10
6905,12,10
6906,12,10
6907,12,10
6908,12,10
6909,12,10
6910,12,10
6911,12,10
6912,12,10
6913,12,10
6914,12,10
6915,12,10
6916,12,10
6917,12,10
6918,12,10
6919,12,10
6920,12,10
6921,12,10
6922,12,10
6923,12,10
6924,12,10
6925,12,10
6926,12,10
6927,12,10
6928,12,10
6929,12,10
6930,12,10
6931,12,10
6932,12,10
6933,12,10
6934,12,10
6935,12,10
6936,12,10
6937,12,10
6938,12,10
6939,12,10
6940,12,10
6941,12,10
6942,12,10
6943,12,10
6944,12,10
6945,12,10
6946,12,10
6947,12,10
6948,12,10
6949,12,10
6950,12,10
6951,12,10
6952,12,10
6953,12,10
6954,12,10
6955,12,10
6956,12,10
6957,12,10
6958,12,10
6959,12,10
6960,12,10
6961,12,10
6962,12,10
6963,12,10
6964,12,10
6965,12,10
6966,12,10
6967,12,10
6968,12,10
6969,12,10
6970,12,10
6971,12,10
6972,12,10
6973,12,10
6974,12,10
6975,12,10
6976,12,10
6977,12,10
6978,12,10
6979,12,10
6980,12,10
6981,12,10
6982,12,10
6983,12,10
6984,12,10
6985,12,10
6986,12,10
6987,12,10
6988,12,10
6989,12,10
6990,12,10
6991,12,10
6992,12,10
6993,12,10
6994,12,10
6995,12,10
6996,12,10
6997,12,10
6998,12,10
6999,12,10
7000,12,10
7001,12,10
7002,12,10
7003,12,10
7004,12,10
7005,12,10
7006,12,10
7007,12,10
7008,12,10
7009,12,10
7010,12,10
7011,12,10
7012,12,10
7013,12,10
7014,12,10
7015,12,10
7016,12,10
7017,12,10
7018,12,10
7019,12,10
7020,12,10
7021,12,10
7022,12,10
7023,12,10
7024,12,10
7025,12,10
7026,12,10
7027,12,10
7028,12,10
7029,12,10
7030,12,10
7031,12,10
7032,12,10
7033,12,10
7034,12,10
7035,12,10
7036,12,10
7037,12,10
7038,12,10
7039,12,10
7040,12,10
7041,12,10
7042,12,10
7043,12,10
7044,12,10
7045,12,10
7046,12,10
7047,12,10
7048,12,10
7049,12,10
7050,12,10
7051,12,10
7052,12,10
7053,12,10
7054,12,10
7055,12,10
7056,12,10
7057,12,10
7058,12,10
7059,12,10
7060,12,10
7061,12,10
7062,12,10
7063,12,10
7064,12,10
7065,12,10
7066,12,10
7067,12,10
7068,12,10
7069,12,10
7070,12,10
7071,12,10
7072,12,10
7073,12,10
7074,12,10
7075,12,10
7076,12,10
7077,12,10
7078,12,10
7079,12,10
7080,12,10
7081,12,10
7082,12,10
7083,12,10
7084,12,10
7085,12,10
7086,12,10
7087,12,10
7088,12,10
7089,12,10
7090,12,10
7091,12,10
7092,12,10
7093,12,10
7094,12,10
7095,12,10
7096,12,10
7097,12,10
7098,12,10
7099,12,10
7100,12,10
7101,12,10
7102,12,10
7103,12,10
7104,12,10
7105,12,10
7106,12,10
7107,12,10
7108,12,10
7109,12,10
7110,12,10
7111,12,10
7112,12,10
7113,12,10
7114,12,10
7115,12,10
7116,12,10
7117,12,10
7118,12,10
7119,12,10
7120,12,10
7121,12,10
7122,12,10
7123,12,10
7124,12,10
7125,12,10
7126,12,10
7127,12,10
7128,12,10
7129,12,10
7130,12,10
7131,12,10
7132,12,10
7133,12,10
7134,12,10
7135,12,10
7136,12,10
7137,12,10
7138,12,10
7139,12,10
7140,12,10
7141,12,10
7142,12,10
7143,12,10
7144,12,10
7145,12,10
7146,12,10
7147,12,10
7148,12,10
7149,12,10
7150,12,10
7151,12,10
7152,12,10
7153,12,10
7154,12,10
7155,12,10
7156,12,10
7157,12,10
7158,12,10
7159,12,10
7160,12,10
7161,12,10
7162,12,10
7163,12,10
7164,12,10
7165,12,10
7166,12,10
7167,12,10
7168,12,10
7169,12,10
7170,12,10
7171,12,10
7172,12,10
7173,12,10
7174,12,10
7175,12,10
7176,12,10
7177,12,10
7178,12,10
7179,12,10
7180,12,10
7181,12,10
7182,12,10
7183,12,10
7184,12,10
7185,12,10
7186,12,10
7187,12,10
7188,12,10
7189,12,10
7190,12,10
7191,12,10
7192,12,10
7193,12,10
7194,12,10
7195,12,10
7196,12,10
7197,12,10
7198,12,10
7199,12,10
7200,12,10
7201,12,10
7202,12,10
7203,12,10
7204,12,10
7205,12,10
7206,12,10
7207,12,10
7208,12,10
7209,12,10
7210,12,10
7211,12,10
7212,12,10
7213,12,10
7214,12,10
7215,12,10
7216,12,10
7217,12,10
7218,12,10
7219,12,10
7220,12,10
7221,12,10
7222,12,10
7223,12,10
7224,12,10
7225,12,10
7226,12,10
7227,12,10
7228,12,10
7229,12,10
7230,12,10
7231,12,10
7232,12,10
7233,12,10
7234,12,10
7235,12,10
7236,12,10
7237,12,10
7238,12,10
7239,12,10
7240,12,10
7241,12,10
7242,12,10
7243,12,10
7244,12,10
7245,12,10
7246,12,10
7247,12,10
7248,12,10
7249,12,10
7250,12,10
7251,12,10
7252,12,10
7253,12,10
7254,12,10
7255,12,10
7256,12,10
7257,12,10
7258,12,10
7259,12,10
7260,12,10
7261,12,10
7262,12,10
7263,12,10
7264,12,10
7265,12,10
7266,12,10
7267,12,10
7268,12,10
7269,12,10
7270,12,10
7271,12,10
7272,12,10
7273,12,10
7274,12,10
7275,12,10
7276,12,10
7277,12,10
7278,12,10
7279,12,10
7280,12,10
7281,12,10
7282,12,10
7283,12,10
7284,12,10
7285,12,10
7286,12,10
7287,12,10
7288,12,10
7289,12,10
7290,12,10
7291,12,10
7292,12,10
7293,12,10
7294,12,10
7295,12,10
7296,12,10
7297,12,10
7298,12,10
7299,12,10
7300,12,10
7301,12,10
7302,12,10
7303,12,10
7304,12,10
7305,12,10
7306,12,10
7307,12,10
7308,12,10
7309,12,10
7310,12,10
7311,12,10
7312,12,10
7313,12,10
7314,12,10
7315,12,10
7316,12,10
7317,12,10
7318,12,10
7319,12,10
7320,12,10
7321,12,10
7322,12,10
7323,12,10
7324,12,10
7325,12,10
7326,12,10
7327,12,10
7328,12,10
7329,12,10
7330,12,10
7331,12,10
7332,12,10
7333,12,10
7334,12,10
7335,12,10
7336,12,10
7337,12,10
7338,12,10
7339,12,10
7340,12,10
7341,12,10
7342,12,10
7343,12,10
7344,12,10
7345,12,10
7346,12,10
7347,12,10
7348,12,10
7349,12,10
7350,12,10
7351,12,10
7352,12,10
7353,12,10
7354,12,10
7355,12,10
7356,12,10
7357,12,10
7358,12,10
7359,12,10
7360,12,10
7361,12,10
7362,12,10
7363,12,10
7364,12,10
7365,12,10
7366,12,10
7367,12,10
7368,12,10
7369,12,10
7370,12,10
7371,12,10
7372,12,10
7373,12,10
7374,12,10
7375,12,10
7376,12,10
7377,12,10
7378,12,10
7379,12,10
7380,12,10
7381,12,10
7382,12,10
7383,12,10
7384,12,10
7385,12,10
7386,12,10
7387,12,10
7388,12,10
7389,12,10
