frame_number, class_id, x1, y1, x2, y2, conf
0, 1, 198.72604370117188, 403.0940246582031, 229.87966918945312, 436.0234069824219, 0.8954437971115112
1, 1, 199.1553955078125, 403.0183868408203, 230.15032958984375, 436.56459045410156, 0.8961830735206604
2, 1, 199.05459594726562, 402.92591857910156, 230.208984375, 437.03248596191406, 0.8977077603340149
3, 1, 199.07855224609375, 402.96051025390625, 230.2398681640625, 437.10040283203125, 0.8978365659713745
4, 1, 198.586669921875, 403.16937255859375, 230.63226318359375, 437.38629150390625, 0.900345504283905
5, 1, 198.63015747070312, 403.1307678222656, 230.85781860351562, 437.0747985839844, 0.8981267213821411
5, 0, 628.6394653320312, 418.8591003417969, 640.0, 432.3926086425781, 0.25167402625083923
6, 1, 198.33790588378906, 403.0101623535156, 230.53892517089844, 436.6207580566406, 0.8978439569473267
7, 1, 197.92636108398438, 402.9163513183594, 230.75405883789062, 436.8057861328125, 0.898447573184967
8, 1, 197.4151611328125, 402.63145446777344, 230.88165283203125, 437.6884307861328, 0.9032793641090393
9, 1, 197.38888549804688, 402.6375427246094, 230.89669799804688, 437.6858215332031, 0.9032202959060669
10, 1, 198.02578735351562, 402.81939697265625, 230.77200317382812, 437.48345947265625, 0.8987440466880798
11, 1, 197.8887939453125, 403.0238037109375, 230.29232788085938, 437.0345764160156, 0.8978167176246643
12, 1, 197.37460327148438, 403.0047607421875, 230.11782836914062, 436.21563720703125, 0.897292971611023
13, 1, 197.12844848632812, 403.0950622558594, 230.13992309570312, 435.6874084472656, 0.8979679346084595
13, 0, 628.6333618164062, 419.3634948730469, 639.9136352539062, 432.678955078125, 0.31581777334213257
14, 1, 196.65682983398438, 403.0807189941406, 229.33602905273438, 435.52081298828125, 0.9002947807312012
14, 0, 628.4529418945312, 419.425537109375, 639.8556518554688, 432.6097106933594, 0.3167571723461151
15, 1, 196.67697143554688, 403.07518005371094, 229.32980346679688, 435.5184783935547, 0.9003134965896606
15, 0, 628.4625854492188, 419.452880859375, 639.8513793945312, 432.59600830078125, 0.3076080083847046
16, 1, 196.32943725585938, 402.829833984375, 229.41567993164062, 435.1871337890625, 0.903081476688385
16, 0, 628.2741088867188, 419.368896484375, 639.8117065429688, 432.497802734375, 0.2766788899898529
17, 1, 197.6104736328125, 402.6991729736328, 229.40997314453125, 435.6517791748047, 0.8990541100502014
18, 1, 198.30154418945312, 402.7141418457031, 229.76687622070312, 437.2352600097656, 0.9012663960456848
18, 0, 628.3707275390625, 419.246826171875, 639.8216552734375, 432.3265380859375, 0.283039391040802
19, 1, 198.78564453125, 402.65049743652344, 229.68115234375, 437.46046447753906, 0.8988094329833984
20, 1, 198.728515625, 403.0037078857422, 229.867919921875, 437.7947235107422, 0.8963524103164673
20, 0, 628.826416015625, 419.46356201171875, 639.871337890625, 432.6783447265625, 0.29769718647003174
21, 1, 198.73324584960938, 403.03163146972656, 229.86190795898438, 437.7816925048828, 0.8960923552513123
22, 1, 198.68499755859375, 402.7372741699219, 229.4127197265625, 437.8777160644531, 0.8968801498413086
22, 0, 628.6170654296875, 419.15838623046875, 639.9134521484375, 432.9145812988281, 0.28041574358940125
23, 1, 199.18215942382812, 402.8642578125, 229.47604370117188, 437.29986572265625, 0.8977646827697754
24, 1, 198.85769653320312, 402.82012939453125, 230.00375366210938, 438.36700439453125, 0.8956817984580994
24, 0, 628.323486328125, 418.58106994628906, 639.990966796875, 432.67588806152344, 0.42916709184646606
25, 1, 199.0572967529297, 402.75457763671875, 229.38084411621094, 437.4168701171875, 0.8855443000793457
25, 0, 628.6195068359375, 418.6456604003906, 639.9539794921875, 432.7646789550781, 0.35136082768440247
26, 1, 198.210205078125, 402.7586669921875, 230.00274658203125, 436.2867431640625, 0.8839311003684998
26, 0, 628.2479858398438, 418.4679260253906, 639.9601440429688, 432.7283630371094, 0.4457288384437561
27, 1, 198.19586181640625, 402.7618713378906, 230.0098876953125, 436.3158264160156, 0.8839429616928101
27, 0, 628.2117919921875, 418.3194885253906, 639.9691162109375, 432.7135314941406, 0.4795776903629303
28, 1, 198.41610717773438, 402.945068359375, 229.37100219726562, 434.5047302246094, 0.8663910627365112
28, 0, 628.7843017578125, 418.24427795410156, 639.9998779296875, 432.53343200683594, 0.43575215339660645
29, 1, 198.02749633789062, 403.08038330078125, 230.06484985351562, 435.54132080078125, 0.8855595588684082
30, 1, 197.43785095214844, 403.29443359375, 231.2313690185547, 437.82049560546875, 0.8983805775642395
31, 1, 197.30029296875, 403.0494079589844, 231.642578125, 437.5069885253906, 0.8889133930206299
32, 1, 197.1525115966797, 402.9632873535156, 232.2205047607422, 436.1927490234375, 0.8914846777915955
33, 1, 197.2039794921875, 402.9535217285156, 232.3016357421875, 436.2770080566406, 0.8914790153503418
34, 1, 197.75564575195312, 402.9827575683594, 232.23568725585938, 435.90716552734375, 0.8900554776191711
35, 1, 197.83267211914062, 403.04022216796875, 231.79470825195312, 435.3046875, 0.8908675909042358
36, 1, 198.1416778564453, 403.0201110839844, 231.65638732910156, 436.3586730957031, 0.8929892778396606
37, 1, 198.21359252929688, 403.1475524902344, 231.93978881835938, 436.2533874511719, 0.8943777084350586
38, 1, 198.31533813476562, 402.9937286376953, 232.03170776367188, 436.51841735839844, 0.8956596851348877
39, 1, 198.32058715820312, 402.9414367675781, 232.01431274414062, 436.6216125488281, 0.895763635635376
40, 1, 198.5535430908203, 402.95404052734375, 232.1758575439453, 435.9654541015625, 0.8922980427742004
40, 0, 279.83575439453125, 402.65277099609375, 294.00189208984375, 417.94012451171875, 0.2661668658256531
41, 1, 198.63294982910156, 403.08872985839844, 232.0835723876953, 435.91285705566406, 0.8928486108779907
41, 0, 130.58013916015625, 467.19708251953125, 145.35321044921875, 481.57830810546875, 0.48192098736763
42, 1, 198.71670532226562, 403.11151123046875, 232.02316284179688, 436.173583984375, 0.8939242362976074
43, 1, 198.96426391601562, 403.20982360839844, 230.54226684570312, 436.6780548095703, 0.8939249515533447
44, 1, 198.8569793701172, 403.1808166503906, 230.40419006347656, 436.4913330078125, 0.8937177062034607
45, 1, 198.80291748046875, 403.15899658203125, 230.37969970703125, 436.427490234375, 0.8939142823219299
46, 1, 198.455322265625, 402.92999267578125, 231.180908203125, 436.0718994140625, 0.8986510038375854
47, 1, 198.332275390625, 402.9461975097656, 231.852294921875, 435.91741943359375, 0.8936519622802734
48, 1, 198.4658203125, 402.9603271484375, 231.394775390625, 436.16754150390625, 0.8920820355415344
49, 1, 198.67257690429688, 403.09027099609375, 232.0274658203125, 436.5508117675781, 0.890856146812439
50, 1, 198.52264404296875, 403.1462707519531, 231.72589111328125, 436.6305847167969, 0.890897810459137
51, 1, 198.52069091796875, 403.1399230957031, 231.73727416992188, 436.6181945800781, 0.8908523917198181
52, 1, 198.38531494140625, 403.1757049560547, 231.33734130859375, 435.9569854736328, 0.8928723335266113
53, 1, 198.46401977539062, 403.2335510253906, 231.53927612304688, 435.8212585449219, 0.8925758600234985
54, 1, 198.36663818359375, 403.1645812988281, 231.5906982421875, 436.2838439941406, 0.894059419631958
55, 1, 198.36561584472656, 403.1377868652344, 231.2906036376953, 436.5458679199219, 0.9025435447692871
56, 1, 198.4317626953125, 403.0376892089844, 231.48919677734375, 436.1976013183594, 0.8959997892379761
57, 1, 198.50726318359375, 403.00799560546875, 231.7423095703125, 436.0364685058594, 0.8898754715919495
58, 1, 198.6343231201172, 403.07269287109375, 231.34620666503906, 435.54058837890625, 0.8978927731513977
59, 1, 198.91073608398438, 403.09368896484375, 231.10794067382812, 435.21673583984375, 0.8968133330345154
60, 1, 199.16940307617188, 403.1751403808594, 232.29006958007812, 435.5259704589844, 0.8895710706710815
61, 1, 199.01409912109375, 403.1337890625, 232.21014404296875, 436.04241943359375, 0.8893936276435852
62, 1, 198.579833984375, 403.13868713378906, 232.3538818359375, 436.4373321533203, 0.8907790780067444
63, 1, 198.53895568847656, 403.1772155761719, 232.16502380371094, 436.41937255859375, 0.8894110918045044
64, 1, 198.6529083251953, 403.12811279296875, 231.8199920654297, 435.81768798828125, 0.8898747563362122
65, 1, 198.5440673828125, 403.0870666503906, 231.27935791015625, 436.01812744140625, 0.8904932737350464
66, 1, 198.111572265625, 402.9737548828125, 231.51031494140625, 435.93536376953125, 0.8937968611717224
67, 1, 198.0525360107422, 403.1231689453125, 231.0536346435547, 435.744384765625, 0.8932967185974121
68, 1, 198.15591430664062, 403.02301025390625, 231.15438842773438, 435.12255859375, 0.8875507712364197
69, 1, 198.22393798828125, 403.0441589355469, 231.18878173828125, 435.1463317871094, 0.8868544101715088
70, 1, 198.11758422851562, 403.16395568847656, 230.59231567382812, 435.3633270263672, 0.8875209093093872
71, 1, 198.14801025390625, 403.42669677734375, 230.59375, 434.52978515625, 0.8902210593223572
72, 1, 198.3707733154297, 403.4007110595703, 231.13868713378906, 434.45774841308594, 0.8891982436180115
73, 1, 198.24331665039062, 403.3302001953125, 231.16073608398438, 434.96044921875, 0.8924329280853271
74, 1, 198.0651092529297, 402.9593505859375, 231.08103942871094, 435.11016845703125, 0.8917317390441895
75, 1, 198.22128295898438, 403.1333923339844, 231.20361328125, 435.1249694824219, 0.8984880447387695
76, 1, 198.05029296875, 402.8446044921875, 231.35137939453125, 435.533935546875, 0.8917209506034851
77, 1, 198.1114501953125, 402.9032287597656, 231.6947021484375, 435.4881591796875, 0.8912955522537231
78, 1, 198.28131103515625, 402.7354736328125, 231.58193969726562, 435.44354248046875, 0.8954378962516785
79, 1, 198.46978759765625, 402.68731689453125, 231.51263427734375, 435.54132080078125, 0.8937363028526306
80, 1, 198.069580078125, 402.8066711425781, 231.0875244140625, 435.5888977050781, 0.8910276889801025
81, 1, 197.8411865234375, 402.9286193847656, 231.30230712890625, 435.4841003417969, 0.8982215523719788
82, 1, 197.77728271484375, 402.9140319824219, 231.2086181640625, 435.4335021972656, 0.8916124105453491
83, 1, 197.65533447265625, 402.44793701171875, 231.74151611328125, 435.9384765625, 0.8936548829078674
84, 1, 197.45660400390625, 402.8357849121094, 231.54718017578125, 436.8670349121094, 0.898331880569458
85, 1, 197.28045654296875, 402.62359619140625, 231.31744384765625, 436.662353515625, 0.8915762901306152
86, 1, 197.24630737304688, 402.61834716796875, 230.94699096679688, 436.5079345703125, 0.8929028511047363
87, 1, 197.1376495361328, 402.46299743652344, 231.6760711669922, 437.25694274902344, 0.893053412437439
88, 1, 197.08270263671875, 402.7118835449219, 231.09417724609375, 437.3083190917969, 0.8926180005073547
89, 1, 197.16543579101562, 402.530029296875, 231.95663452148438, 436.9285888671875, 0.895346999168396
90, 1, 197.23733520507812, 402.79425048828125, 230.71536254882812, 436.3216552734375, 0.8962565064430237
91, 1, 197.29397583007812, 402.9499969482422, 231.54168701171875, 435.53025817871094, 0.8938876986503601
92, 1, 197.42681884765625, 402.97764587402344, 231.6356201171875, 435.7955780029297, 0.8955150246620178
93, 1, 198.01345825195312, 402.98699951171875, 232.73739624023438, 435.47833251953125, 0.8920656442642212
94, 1, 198.0432891845703, 403.0041046142578, 232.5958709716797, 435.4981231689453, 0.8916329741477966
95, 1, 198.4055633544922, 402.8134460449219, 233.0629119873047, 435.9137878417969, 0.8896787166595459
96, 1, 198.60354614257812, 402.460205078125, 232.07342529296875, 435.75146484375, 0.8918135762214661
97, 1, 199.1102294921875, 401.9201354980469, 231.4681396484375, 434.7527160644531, 0.893374502658844
98, 1, 199.0372314453125, 401.94171142578125, 231.29150390625, 435.4224853515625, 0.8940390944480896
99, 1, 198.3133544921875, 402.34706115722656, 230.793701171875, 435.18238830566406, 0.890091061592102
100, 1, 198.28952026367188, 402.3368682861328, 230.76168823242188, 435.1845245361328, 0.8902342319488525
101, 1, 198.7783203125, 402.3879699707031, 230.21096801757812, 435.2851867675781, 0.8910526037216187
102, 1, 198.70724487304688, 402.582763671875, 230.05422973632812, 435.34088134765625, 0.89286208152771
103, 1, 198.76144409179688, 402.9804382324219, 229.95712280273438, 435.2974548339844, 0.8944392800331116
104, 1, 198.96534729003906, 403.0097198486328, 230.4875030517578, 435.3949432373047, 0.8901367783546448
105, 1, 198.23675537109375, 402.97117614746094, 230.42767333984375, 435.3391876220703, 0.8909218907356262
106, 1, 198.20611572265625, 402.9288635253906, 230.46224975585938, 435.3310546875, 0.8908429145812988
107, 1, 198.6170654296875, 402.8117980957031, 230.92861938476562, 436.5026550292969, 0.8935046792030334
108, 1, 198.5142822265625, 402.97149658203125, 230.29421997070312, 435.1856384277344, 0.890404999256134
109, 1, 198.44284057617188, 402.66368103027344, 230.68551635742188, 435.82679748535156, 0.8891651630401611
110, 1, 198.33380126953125, 402.5529022216797, 231.22073364257812, 436.1079559326172, 0.9081657528877258
111, 1, 198.1903076171875, 402.62213134765625, 230.87142944335938, 435.60308837890625, 0.8855918645858765
112, 1, 198.2107696533203, 402.62220764160156, 230.8141326904297, 435.7050018310547, 0.8844305276870728
113, 1, 198.00564575195312, 402.83348083496094, 230.68572998046875, 435.1896209716797, 0.8896876573562622
114, 1, 197.77072143554688, 403.15570068359375, 229.53070068359375, 436.01715087890625, 0.8903408646583557
115, 1, 197.5172882080078, 403.16668701171875, 229.6763458251953, 437.9130859375, 0.8963685035705566
116, 1, 197.56964111328125, 403.2228698730469, 229.8154296875, 436.4048156738281, 0.8958648443222046
117, 1, 197.80050659179688, 403.1633605957031, 230.54641723632812, 436.03350830078125, 0.8929088115692139
118, 1, 197.80914306640625, 403.170166015625, 230.55633544921875, 436.02783203125, 0.8927710652351379
119, 1, 197.95675659179688, 403.21958923339844, 230.74337768554688, 436.60777282714844, 0.8891863226890564
120, 1, 198.08070373535156, 403.3903350830078, 233.19667053222656, 438.1103973388672, 0.8876674175262451
121, 1, 197.99822998046875, 403.3580627441406, 232.40997314453125, 437.8363952636719, 0.8903064727783203
122, 1, 198.2568817138672, 403.4324035644531, 232.03834533691406, 435.7356262207031, 0.8906987309455872
123, 1, 198.16468811035156, 403.44061279296875, 232.44285583496094, 435.9587097167969, 0.8899945616722107
124, 1, 198.15792846679688, 403.45989990234375, 232.48928833007812, 435.865478515625, 0.8899616003036499
125, 1, 198.26058959960938, 403.62953186035156, 231.26980590820312, 435.71250915527344, 0.891779363155365
126, 1, 198.10076904296875, 403.5891418457031, 231.40017700195312, 435.8309020996094, 0.8872758746147156
127, 1, 197.89352416992188, 403.5594177246094, 230.96414184570312, 435.0523376464844, 0.8883965611457825
128, 1, 197.6090850830078, 403.4002685546875, 229.1869354248047, 435.0165710449219, 0.888161301612854
129, 1, 197.36801147460938, 403.4899597167969, 230.29568481445312, 435.0079650878906, 0.8917936682701111
130, 1, 197.41143798828125, 403.4862060546875, 230.31024169921875, 434.998291015625, 0.8921716213226318
131, 1, 197.19448852539062, 403.3392333984375, 230.35195922851562, 436.1280517578125, 0.8955149054527283
132, 1, 197.639404296875, 403.04656982421875, 229.81011962890625, 435.9602966308594, 0.9005894660949707
133, 1, 197.89431762695312, 402.75169372558594, 231.03842163085938, 434.90589904785156, 0.8933297991752625
134, 1, 198.41934204101562, 402.91741943359375, 231.94180297851562, 435.8810729980469, 0.8902225494384766
135, 1, 198.36793518066406, 403.15362548828125, 230.2445831298828, 434.3291015625, 0.9036561846733093
136, 1, 198.42689514160156, 403.1376495361328, 230.2251739501953, 434.32423400878906, 0.9033005237579346
137, 1, 198.47122192382812, 402.8894348144531, 229.63992309570312, 435.3634948730469, 0.9047215580940247
138, 1, 198.60455322265625, 402.94915771484375, 229.48529052734375, 435.3098449707031, 0.9037193655967712
139, 1, 198.28182983398438, 402.93878173828125, 229.53115844726562, 434.8162841796875, 0.903577446937561
140, 1, 198.15171813964844, 403.0751495361328, 229.37818908691406, 434.51329040527344, 0.9038567543029785
141, 1, 198.40753173828125, 402.91761779785156, 229.8372802734375, 434.71836853027344, 0.9009196758270264
142, 1, 198.432373046875, 402.9027404785156, 229.866455078125, 434.7243347167969, 0.9012152552604675
143, 1, 198.42877197265625, 402.9067077636719, 229.9791259765625, 434.8097229003906, 0.900743305683136
144, 1, 198.33511352539062, 402.8848571777344, 230.44534301757812, 434.6444396972656, 0.9001098275184631
145, 1, 198.07733154296875, 402.8353729248047, 230.1202392578125, 435.0624237060547, 0.9008990526199341
146, 1, 198.08343505859375, 402.8567810058594, 230.53558349609375, 435.5599670410156, 0.9004192352294922
147, 1, 198.11520385742188, 402.837890625, 230.38705444335938, 435.2919921875, 0.8983665108680725
148, 1, 198.11911010742188, 402.8305206298828, 230.38668823242188, 435.29237365722656, 0.8983656764030457
149, 1, 198.29461669921875, 402.649169921875, 230.0753173828125, 436.2696533203125, 0.8992578387260437
150, 1, 198.30242919921875, 402.88990783691406, 230.7012939453125, 435.50669860839844, 0.905152440071106
151, 1, 198.24649047851562, 402.7193603515625, 230.893310546875, 436.4588623046875, 0.8980123400688171
152, 1, 198.53384399414062, 402.6627502441406, 231.75827026367188, 437.3153381347656, 0.8931145668029785
153, 1, 199.02340698242188, 402.86376953125, 230.84689331054688, 435.4258728027344, 0.8812930583953857
154, 1, 199.00228881835938, 402.84617614746094, 230.84378051757812, 435.33909606933594, 0.8799960613250732
155, 1, 198.87437438964844, 402.902587890625, 230.43751525878906, 434.1285095214844, 0.8914498090744019
156, 1, 198.8912353515625, 403.0892028808594, 229.75897216796875, 434.5728759765625, 0.8923453092575073
157, 1, 199.22940063476562, 403.0721740722656, 230.45761108398438, 434.75531005859375, 0.8903084397315979
157, 0, 287.7569580078125, 415.41954040527344, 299.2684326171875, 428.6868133544922, 0.2548936605453491
158, 1, 199.05056762695312, 402.9898376464844, 230.28469848632812, 436.8653869628906, 0.8869436383247375
159, 1, 198.78961181640625, 403.2611389160156, 230.92202758789062, 437.770751953125, 0.883438229560852
160, 1, 198.7828369140625, 403.2196044921875, 230.922119140625, 437.78570556640625, 0.8843964338302612
161, 1, 198.35987854003906, 403.23463439941406, 231.3450164794922, 436.99070739746094, 0.899077296257019
162, 1, 198.18820190429688, 403.138916015625, 230.14761352539062, 434.9085388183594, 0.8968639373779297
163, 1, 198.10357666015625, 403.0800323486328, 230.35092163085938, 436.9717254638672, 0.8950235247612
164, 1, 198.15823364257812, 402.7394104003906, 231.76699829101562, 438.6335144042969, 0.8980608582496643
165, 1, 198.387939453125, 402.66603088378906, 233.15570068359375, 439.0377960205078, 0.9020963311195374
166, 1, 198.32748413085938, 402.64361572265625, 233.12088012695312, 439.0360107421875, 0.9025906324386597
167, 1, 198.17709350585938, 403.0107421875, 233.27145385742188, 438.3582458496094, 0.9001783132553101
168, 1, 198.5665283203125, 403.081298828125, 231.48876953125, 436.24755859375, 0.8961926698684692
169, 1, 198.85806274414062, 403.0492858886719, 229.79464721679688, 436.3262634277344, 0.8928128480911255
170, 1, 198.88607788085938, 403.0207977294922, 229.90756225585938, 434.24415588378906, 0.8996376395225525
171, 1, 198.58221435546875, 402.978271484375, 230.2982177734375, 434.88458251953125, 0.8948783278465271
172, 1, 198.4873046875, 402.9766540527344, 230.3028564453125, 434.8779602050781, 0.8951530456542969
173, 1, 197.97442626953125, 403.06475830078125, 230.1766357421875, 435.2208251953125, 0.8993087410926819
174, 1, 198.1961669921875, 403.10780334472656, 230.24264526367188, 435.99855041503906, 0.899134635925293
175, 1, 198.671142578125, 403.0258026123047, 230.97332763671875, 436.68601989746094, 0.9070097208023071
176, 1, 198.7403106689453, 403.1038513183594, 230.7072296142578, 437.3415832519531, 0.9022406935691833
177, 1, 197.71177673339844, 402.9771423339844, 230.1660919189453, 436.3674621582031, 0.8966662883758545
178, 1, 197.69012451171875, 402.9860534667969, 230.169189453125, 436.3766784667969, 0.8967714309692383
179, 1, 197.98501586914062, 403.0858154296875, 230.36160278320312, 436.00555419921875, 0.8940907716751099
180, 1, 198.484619140625, 402.76885986328125, 230.07110595703125, 435.8880615234375, 0.8920331001281738
181, 1, 198.89373779296875, 402.8145751953125, 230.0992431640625, 435.78179931640625, 0.8928704261779785
182, 1, 199.76239013671875, 402.857666015625, 230.4132080078125, 435.3404541015625, 0.8971580266952515
183, 1, 199.91836547851562, 402.8559875488281, 230.39675903320312, 435.0398254394531, 0.9054242372512817
184, 1, 199.90322875976562, 402.8980712890625, 230.40573120117188, 435.07415771484375, 0.9027509093284607
185, 1, 200.33648681640625, 402.941650390625, 230.355224609375, 435.0096130371094, 0.8937371373176575
186, 1, 200.40480041503906, 402.8895263671875, 230.2403106689453, 435.1204833984375, 0.906401515007019
187, 1, 200.32867431640625, 402.8333740234375, 230.56362915039062, 435.57818603515625, 0.8920515179634094
187, 0, 280.41815185546875, 425.6537170410156, 293.908447265625, 439.7741394042969, 0.46156033873558044
188, 1, 200.33370971679688, 402.9067687988281, 230.30300903320312, 435.007080078125, 0.892464280128479
189, 1, 200.34500122070312, 402.9001770019531, 230.3619384765625, 434.9247131347656, 0.9035593271255493
189, 0, 282.55975341796875, 427.3946228027344, 294.18365478515625, 439.33404541015625, 0.5386791825294495
190, 1, 200.34881591796875, 402.900390625, 230.350341796875, 434.923828125, 0.9048381447792053
190, 0, 282.37176513671875, 427.3269958496094, 294.2138671875, 439.3497009277344, 0.5948558449745178
191, 1, 200.68301391601562, 402.6075134277344, 230.15396118164062, 434.5583190917969, 0.8922294974327087
192, 1, 199.69493103027344, 402.58396911621094, 230.04591369628906, 435.19261169433594, 0.8921717405319214
193, 1, 200.32321166992188, 402.6370849609375, 230.00546264648438, 434.657470703125, 0.8918948173522949
193, 0, 158.24880981445312, 466.738037109375, 176.20205688476562, 483.4848327636719, 0.3513224720954895
194, 1, 199.38784790039062, 402.9412536621094, 230.27566528320312, 434.8113708496094, 0.8916053175926208
195, 1, 199.45684814453125, 403.1100311279297, 231.13720703125, 435.08287048339844, 0.8924843668937683
196, 1, 199.46539306640625, 403.1117248535156, 231.13226318359375, 435.0823669433594, 0.8924444913864136
197, 1, 199.98348999023438, 402.9722900390625, 231.56259155273438, 434.62298583984375, 0.8932637572288513
198, 1, 199.83197021484375, 402.8613586425781, 232.0843505859375, 434.8299865722656, 0.8915536999702454
199, 1, 199.37066650390625, 402.8634033203125, 231.56460571289062, 434.365966796875, 0.8898264169692993
200, 1, 198.88885498046875, 402.7795715332031, 230.92242431640625, 434.0539855957031, 0.9118291139602661
201, 1, 198.65948486328125, 402.8086242675781, 231.061279296875, 434.5132141113281, 0.8998820781707764
201, 0, 286.6722106933594, 428.3523254394531, 299.5502624511719, 441.7207336425781, 0.7092642784118652
202, 1, 198.64511108398438, 402.8197021484375, 231.05917358398438, 434.51519775390625, 0.9000820517539978
202, 0, 286.67987060546875, 428.3587951660156, 299.53826904296875, 441.7119445800781, 0.7044423222541809
203, 1, 198.55099487304688, 402.978271484375, 230.89862060546875, 434.69940185546875, 0.9094612002372742
203, 0, 288.591796875, 427.1422424316406, 301.294677734375, 439.6288757324219, 0.7238237261772156
204, 1, 198.6126708984375, 402.7552185058594, 231.45462036132812, 435.0299377441406, 0.8936626315116882
205, 1, 198.99078369140625, 402.72015380859375, 231.12982177734375, 434.86181640625, 0.8938635587692261
206, 1, 199.0604248046875, 403.0684356689453, 230.5421142578125, 434.7377471923828, 0.8981516361236572
207, 1, 199.05517578125, 402.8384704589844, 230.67681884765625, 435.0976867675781, 0.8954010009765625
208, 1, 199.0250244140625, 402.8284606933594, 230.675048828125, 435.1036071777344, 0.8955660462379456
209, 1, 199.23440551757812, 402.7093505859375, 231.19906616210938, 435.4263000488281, 0.8935806155204773
210, 1, 199.2420654296875, 402.8624572753906, 230.27578735351562, 435.6737976074219, 0.890505850315094
211, 1, 199.38818359375, 402.852783203125, 230.73138427734375, 436.02044677734375, 0.896135151386261
212, 1, 199.30123901367188, 402.6767883300781, 231.16757202148438, 435.8558654785156, 0.8944686651229858
213, 1, 199.08810424804688, 402.8057098388672, 230.73883056640625, 435.05201721191406, 0.894428014755249
214, 1, 199.055908203125, 402.71490478515625, 230.71905517578125, 435.22100830078125, 0.8981859683990479
215, 1, 198.96585083007812, 402.7349395751953, 230.42501831054688, 435.0472869873047, 0.8932263255119324
216, 1, 199.01815795898438, 402.7244873046875, 230.68484497070312, 435.2713928222656, 0.9001078009605408
217, 1, 198.53981018066406, 402.8525085449219, 231.11598205566406, 435.2923889160156, 0.8964377641677856
218, 1, 198.7204132080078, 402.8684387207031, 230.4591827392578, 435.3575744628906, 0.8977006673812866
219, 1, 199.0718231201172, 402.5983123779297, 230.81871032714844, 434.9433135986328, 0.9099689722061157
220, 1, 199.12521362304688, 402.604248046875, 230.80673217773438, 434.93780517578125, 0.9097045063972473
221, 1, 199.1036376953125, 402.5947570800781, 230.74969482421875, 434.6262512207031, 0.8974414467811584
222, 1, 199.03244018554688, 402.5233459472656, 231.04974365234375, 434.97552490234375, 0.9084100127220154
223, 1, 198.77748107910156, 402.5434265136719, 231.0024871826172, 435.5398864746094, 0.894879162311554
224, 1, 198.95994567871094, 402.84295654296875, 230.6471405029297, 435.30584716796875, 0.9048763513565063
225, 1, 198.48486328125, 402.4499053955078, 231.15106201171875, 435.9661102294922, 0.9100272059440613
226, 1, 198.48985290527344, 402.44439697265625, 231.16493225097656, 435.9643249511719, 0.9097610116004944
227, 1, 198.76205444335938, 402.4226379394531, 231.02133178710938, 436.33465576171875, 0.9003028869628906
228, 1, 199.40744018554688, 402.427734375, 231.13351440429688, 435.8647155761719, 0.8933546543121338
229, 1, 199.36428833007812, 402.1749572753906, 231.41281127929688, 435.9198303222656, 0.8891549706459045
230, 1, 199.0421142578125, 402.27850341796875, 231.4730224609375, 434.7869873046875, 0.8934159874916077
231, 1, 198.91058349609375, 402.6791687011719, 230.67974853515625, 434.2831726074219, 0.8939546942710876
231, 0, 290.75787353515625, 410.7075500488281, 307.250244140625, 426.2618103027344, 0.3733498752117157
232, 1, 198.91476440429688, 402.6699523925781, 230.67379760742188, 434.2737121582031, 0.8926184773445129
232, 0, 290.68896484375, 410.6548767089844, 307.24761962890625, 426.2477722167969, 0.32707148790359497
233, 1, 198.9185333251953, 402.6207275390625, 230.79393005371094, 434.24755859375, 0.8947352170944214
233, 0, 290.5152282714844, 417.3022766113281, 304.4085998535156, 430.74261474609375, 0.29650580883026123
234, 1, 198.90631103515625, 402.6834411621094, 230.72308349609375, 434.0372619628906, 0.8955321311950684
234, 0, 287.5390319824219, 421.2955322265625, 300.9413146972656, 434.9347839355469, 0.3194793462753296
235, 1, 198.92562866210938, 402.67527770996094, 230.74502563476562, 433.8605194091797, 0.8957829475402832
236, 1, 199.01498413085938, 402.5893249511719, 230.61532592773438, 433.5096740722656, 0.8972681760787964
237, 1, 199.17633056640625, 402.32798767089844, 230.96499633789062, 433.72267150878906, 0.8964055776596069
238, 1, 199.18392944335938, 402.3309020996094, 230.95614624023438, 433.7179260253906, 0.8964211940765381
239, 1, 199.15457153320312, 402.3824768066406, 231.59530639648438, 434.009033203125, 0.8952223062515259
240, 1, 199.10549926757812, 402.5981903076172, 232.41690063476562, 434.5220489501953, 0.8903117179870605
241, 1, 198.9595947265625, 402.8076934814453, 232.586669921875, 434.7880401611328, 0.8917005658149719
242, 1, 198.89743041992188, 402.99546813964844, 233.11099243164062, 435.9629364013672, 0.8933124542236328
242, 0, 287.39501953125, 421.6230163574219, 302.20166015625, 435.1435241699219, 0.2881421744823456
243, 1, 199.37823486328125, 403.04762268066406, 232.30410766601562, 435.8450164794922, 0.8906585574150085
244, 1, 199.40609741210938, 403.04649353027344, 232.31549072265625, 435.8424530029297, 0.8905929327011108
245, 1, 199.58087158203125, 402.9480438232422, 230.6348876953125, 435.3053436279297, 0.8936010003089905
246, 1, 199.98919677734375, 402.90391540527344, 230.5523681640625, 435.5919647216797, 0.8997586369514465
247, 1, 200.15858459472656, 402.39947509765625, 230.9379425048828, 435.0209655761719, 0.8900536894798279
248, 1, 200.4462890625, 401.9900360107422, 230.9593505859375, 434.43666076660156, 0.8865054249763489
249, 1, 199.86158752441406, 402.4662780761719, 230.7025604248047, 434.1913146972656, 0.9041736721992493
250, 1, 199.5758056640625, 402.66156005859375, 230.4371337890625, 434.53863525390625, 0.8883652091026306
251, 1, 199.53750610351562, 403.04449462890625, 230.40399169921875, 435.0192565917969, 0.9047684669494629
252, 1, 199.37289428710938, 402.9123229980469, 230.3453369140625, 434.0807189941406, 0.8991590142250061
253, 1, 199.20016479492188, 402.8316345214844, 230.56185913085938, 434.7406311035156, 0.9121106863021851
254, 1, 199.38986206054688, 402.7997131347656, 230.57025146484375, 433.1799621582031, 0.8981267213821411
255, 1, 199.14910888671875, 402.86541748046875, 230.67376708984375, 433.57501220703125, 0.8993074893951416
256, 1, 199.13226318359375, 402.8690185546875, 230.66070556640625, 433.5797119140625, 0.8995933532714844
257, 1, 198.78451538085938, 402.9517517089844, 230.61761474609375, 433.1121520996094, 0.8994250297546387
258, 1, 198.6308135986328, 402.95343017578125, 230.9036407470703, 433.6885681152344, 0.8977459073066711
259, 1, 198.2893524169922, 402.9036560058594, 230.71839904785156, 434.4449157714844, 0.9002352356910706
260, 1, 198.3397216796875, 402.89495849609375, 230.56201171875, 434.55633544921875, 0.9015478491783142
261, 1, 198.43008422851562, 402.820068359375, 230.39639282226562, 434.6630859375, 0.9007744789123535
262, 1, 198.41305541992188, 402.8299560546875, 230.38671875, 434.64520263671875, 0.9007288217544556
263, 1, 198.40090942382812, 402.7965850830078, 230.39419555664062, 434.28736877441406, 0.9006104469299316
264, 1, 198.35321044921875, 402.8729553222656, 230.240478515625, 435.1566162109375, 0.8986366987228394
265, 1, 197.78152465820312, 402.82073974609375, 229.54830932617188, 435.3585205078125, 0.9018712043762207
266, 1, 197.750732421875, 402.7332458496094, 229.5335693359375, 435.33746337890625, 0.9015795588493347
267, 1, 197.26336669921875, 402.69757080078125, 229.8453369140625, 436.07568359375, 0.9015571475028992
268, 1, 197.26339721679688, 402.702392578125, 229.84359741210938, 436.07537841796875, 0.9015340209007263
269, 1, 197.20993041992188, 402.6252136230469, 230.12646484375, 435.6343078613281, 0.9011514782905579
270, 1, 197.44671630859375, 402.6180725097656, 230.0926513671875, 436.6580810546875, 0.9037736058235168
270, 0, 627.2777099609375, 419.23748779296875, 639.9437255859375, 432.6785583496094, 0.2573226988315582
271, 1, 198.0384979248047, 402.7391052246094, 229.37879943847656, 434.5712585449219, 0.899770200252533
272, 1, 198.1361541748047, 402.68589782714844, 230.2983856201172, 435.9021759033203, 0.9002115726470947
273, 1, 198.2591552734375, 402.64166259765625, 231.06793212890625, 434.81640625, 0.8979727029800415
274, 1, 198.26766967773438, 402.64422607421875, 231.06146240234375, 434.8140563964844, 0.897902250289917
275, 1, 198.3723907470703, 402.63623046875, 231.96339416503906, 435.50567626953125, 0.8956503868103027
276, 1, 198.75738525390625, 402.4482116699219, 230.70132446289062, 434.2351989746094, 0.9026066064834595
277, 1, 199.3754425048828, 402.33685302734375, 230.6174774169922, 435.2322998046875, 0.9048104286193848
278, 1, 199.34463500976562, 402.1645202636719, 230.78305053710938, 435.2895812988281, 0.8954222798347473
279, 1, 198.99322509765625, 402.1500244140625, 231.38238525390625, 435.51263427734375, 0.8948774337768555
280, 1, 199.55294799804688, 401.9938049316406, 231.69754028320312, 436.1425476074219, 0.896155834197998
281, 1, 199.52682495117188, 401.9827880859375, 231.61672973632812, 436.1367492675781, 0.8958605527877808
282, 1, 199.2309112548828, 402.29493713378906, 230.5076141357422, 436.7921600341797, 0.9043802618980408
283, 1, 199.0472412109375, 402.3302917480469, 230.35748291015625, 436.5044860839844, 0.8980681896209717
284, 1, 199.30770874023438, 402.2467346191406, 230.52536010742188, 435.8028259277344, 0.9037812352180481
285, 1, 198.60516357421875, 402.40814208984375, 229.8336181640625, 435.8057861328125, 0.8983774781227112
286, 1, 198.72976684570312, 402.4474792480469, 229.21697998046875, 434.6246032714844, 0.8994516134262085
287, 1, 198.70822143554688, 402.4518585205078, 229.21035766601562, 434.6333465576172, 0.8994395732879639
288, 1, 199.1761474609375, 402.3688049316406, 229.91476440429688, 433.6083068847656, 0.898040235042572
289, 1, 199.1617431640625, 402.5774230957031, 229.97909545898438, 435.7212219238281, 0.8932362794876099
289, 0, 627.2442626953125, 419.23651123046875, 639.9036865234375, 432.47991943359375, 0.30044862627983093
290, 1, 199.36318969726562, 402.85963439941406, 229.54916381835938, 435.32212829589844, 0.8911823630332947
290, 0, 627.22119140625, 419.34288024902344, 639.92578125, 432.54505920410156, 0.3495795726776123
291, 1, 199.16903686523438, 402.9386291503906, 228.86373901367188, 434.6863098144531, 0.8951416015625
291, 0, 627.1727294921875, 419.3611297607422, 639.9298095703125, 432.55345153808594, 0.3574906289577484
292, 1, 198.5557098388672, 402.7796630859375, 228.1763458251953, 432.980224609375, 0.8944112658500671
292, 0, 627.0999755859375, 419.4795837402344, 639.8963623046875, 432.53167724609375, 0.3390601575374603
293, 1, 198.56484985351562, 402.80389404296875, 228.15426635742188, 432.98455810546875, 0.8946030735969543
293, 0, 627.0310668945312, 419.531982421875, 639.8693237304688, 432.470703125, 0.3384574353694916
294, 1, 198.44610595703125, 402.7166748046875, 229.22650146484375, 433.75384521484375, 0.8973361849784851
294, 0, 626.9991455078125, 419.6437683105469, 639.8656005859375, 432.4906311035156, 0.3222072422504425
295, 1, 198.36050415039062, 402.6233673095703, 230.24789428710938, 434.8508758544922, 0.8930301070213318
295, 0, 627.0082397460938, 419.6841278076172, 639.8609008789062, 432.50279235839844, 0.31281715631484985
296, 1, 198.44644165039062, 402.8677978515625, 230.2757568359375, 434.12030029296875, 0.890370786190033
296, 0, 627.006103515625, 419.7150573730469, 639.8525390625, 432.5161437988281, 0.295952707529068
297, 1, 198.34359741210938, 403.3368835449219, 229.51144409179688, 434.6147155761719, 0.8909748792648315
297, 0, 297.91204833984375, 404.3443298339844, 312.69525146484375, 417.6449279785156, 0.6442011594772339
297, 0, 627.0643920898438, 419.67822265625, 639.8572387695312, 432.52252197265625, 0.27515387535095215
298, 1, 198.21389770507812, 403.5193176269531, 229.70016479492188, 434.7041015625, 0.8914018869400024
298, 0, 297.0188903808594, 401.85894775390625, 312.8335266113281, 415.7785949707031, 0.5345404744148254
298, 0, 627.162109375, 419.61109924316406, 639.8544921875, 432.43544006347656, 0.28361549973487854
299, 1, 198.2181854248047, 403.5179443359375, 229.7002716064453, 434.6859130859375, 0.8914108276367188
299, 0, 297.01287841796875, 401.8599853515625, 312.8421630859375, 415.78216552734375, 0.5309091806411743
299, 0, 627.152587890625, 419.6112976074219, 639.85595703125, 432.4371032714844, 0.29110532999038696
300, 1, 197.96212768554688, 402.7764434814453, 229.28713989257812, 434.4596710205078, 0.8960663080215454
300, 0, 294.8103942871094, 399.6047668457031, 312.5476379394531, 414.3244323730469, 0.7890076637268066
301, 1, 198.33932495117188, 402.4964904785156, 229.6837158203125, 435.8531799316406, 0.8924093842506409
301, 0, 292.51800537109375, 398.0949401855469, 309.35980224609375, 413.8803405761719, 0.8041406869888306
302, 1, 198.47341918945312, 403.17578125, 229.89346313476562, 436.28472900390625, 0.8905008435249329
303, 1, 197.5782470703125, 403.3163146972656, 229.5968017578125, 434.5951843261719, 0.8843268752098083
304, 1, 197.42041015625, 403.4765319824219, 229.76617431640625, 434.4812927246094, 0.8918424844741821
305, 1, 197.44342041015625, 403.4604187011719, 229.80078125, 434.4598083496094, 0.8921257257461548
306, 1, 196.8604736328125, 403.24853515625, 229.59490966796875, 434.5789794921875, 0.8926817178726196
307, 1, 196.96917724609375, 403.328125, 229.6903076171875, 434.98248291015625, 0.8943187594413757
308, 1, 197.16172790527344, 403.5207824707031, 230.1509552001953, 434.2118225097656, 0.894117534160614
309, 1, 197.22634887695312, 403.4493408203125, 229.77383422851562, 434.300537109375, 0.8974234461784363
310, 1, 197.47869873046875, 403.3854064941406, 230.34918212890625, 434.5361633300781, 0.8918778300285339
311, 1, 197.4827423095703, 403.37847900390625, 230.3402862548828, 434.53704833984375, 0.8920180201530457
312, 1, 197.35867309570312, 403.3923645019531, 230.21438598632812, 434.2375183105469, 0.8842664957046509
313, 1, 196.8750457763672, 403.30731201171875, 230.5854949951172, 435.8851318359375, 0.8912817239761353
314, 1, 196.89151000976562, 403.29632568359375, 230.20870971679688, 435.11138916015625, 0.8902364373207092
315, 1, 196.77703857421875, 403.4125061035156, 229.62744140625, 435.7665100097656, 0.8909181952476501
316, 1, 197.10382080078125, 403.43849182128906, 229.93600463867188, 435.14756774902344, 0.8877191543579102
317, 1, 196.87496948242188, 403.48280334472656, 229.83340454101562, 434.9482879638672, 0.888891339302063
318, 1, 196.93972778320312, 403.41778564453125, 229.97927856445312, 434.739990234375, 0.8903788328170776
319, 1, 196.69512939453125, 403.49147033691406, 229.19940185546875, 434.65867614746094, 0.8858311176300049
319, 0, 149.75372314453125, 463.2185974121094, 162.48175048828125, 474.8784484863281, 0.31224024295806885
320, 1, 196.57928466796875, 403.4521179199219, 229.32281494140625, 435.3067626953125, 0.8793424963951111
320, 0, 296.93853759765625, 399.81494140625, 311.44580078125, 414.4853515625, 0.5468486547470093
321, 1, 196.4161376953125, 403.34393310546875, 229.83880615234375, 435.32537841796875, 0.885736346244812
322, 1, 196.20236206054688, 403.373779296875, 230.20962524414062, 435.8958740234375, 0.8815743327140808
322, 0, 294.42645263671875, 399.9278259277344, 308.84832763671875, 413.7488708496094, 0.47634246945381165
323, 1, 196.2877197265625, 403.38685607910156, 230.20672607421875, 435.82020568847656, 0.8812074065208435
323, 0, 294.445556640625, 399.95343017578125, 308.8232421875, 413.7420654296875, 0.46253517270088196
324, 1, 196.27804565429688, 403.239501953125, 230.23171997070312, 435.9412841796875, 0.8859034180641174
324, 0, 294.58355712890625, 400.2410125732422, 308.59600830078125, 414.80235290527344, 0.7796935439109802
325, 1, 197.08197021484375, 403.099853515625, 229.8218994140625, 435.697265625, 0.8900002837181091
326, 1, 197.12295532226562, 403.15541076660156, 229.81204223632812, 436.14942932128906, 0.8914097547531128
327, 1, 197.46701049804688, 403.11474609375, 229.50869750976562, 435.9976806640625, 0.893340528011322
328, 1, 197.0126495361328, 403.0523681640625, 230.01039123535156, 436.0003662109375, 0.8925493359565735
329, 1, 196.9600067138672, 403.0552062988281, 229.9972686767578, 436.00115966796875, 0.8923943042755127
330, 1, 196.82919311523438, 402.93438720703125, 230.38955688476562, 434.3170471191406, 0.897777259349823
330, 0, 301.18377685546875, 412.7978820800781, 314.6837158203125, 426.8843078613281, 0.6223504543304443
331, 1, 197.25364685058594, 402.782470703125, 230.36354064941406, 435.24420166015625, 0.8939363956451416
332, 1, 197.658447265625, 402.83905029296875, 230.9461669921875, 436.2283935546875, 0.897010326385498
333, 1, 197.8553466796875, 402.7518768310547, 230.74746704101562, 435.00975036621094, 0.8943618535995483
334, 1, 196.80575561523438, 402.8648681640625, 230.34658813476562, 434.6436767578125, 0.8993284106254578
335, 1, 196.76312255859375, 402.6653289794922, 230.45440673828125, 434.5843048095703, 0.8995580077171326
336, 1, 196.64112854003906, 402.52130126953125, 230.1299591064453, 434.96929931640625, 0.8985852003097534
336, 0, 301.84442138671875, 406.50196838378906, 317.20245361328125, 420.4837188720703, 0.4171486794948578
337, 1, 196.981689453125, 402.4549865722656, 230.21600341796875, 434.07952880859375, 0.8982244729995728
338, 1, 197.74185180664062, 402.33189392089844, 230.45455932617188, 434.13929748535156, 0.8983389139175415
338, 0, 143.399169921875, 465.9326477050781, 159.44696044921875, 479.4797668457031, 0.350229948759079
339, 1, 199.06781005859375, 402.2246398925781, 230.27581787109375, 434.3808898925781, 0.8971577286720276
340, 1, 199.43820190429688, 402.1706848144531, 230.27847290039062, 434.4295349121094, 0.8944005966186523
341, 1, 199.41299438476562, 402.18121337890625, 230.25753784179688, 434.4260559082031, 0.8943610191345215
342, 1, 199.23556518554688, 402.3291931152344, 230.49685668945312, 434.9814758300781, 0.8965184092521667
343, 1, 199.49676513671875, 402.44647216796875, 230.32058715820312, 434.513916015625, 0.8973668813705444
344, 1, 199.34939575195312, 402.6087646484375, 230.4400634765625, 434.81396484375, 0.8949627876281738
345, 1, 199.30319213867188, 402.72222900390625, 230.63461303710938, 435.02862548828125, 0.8926458358764648
346, 1, 199.21778869628906, 402.6156311035156, 230.90467834472656, 435.0975646972656, 0.8911868333816528
347, 1, 199.13156127929688, 402.6083068847656, 230.9022216796875, 435.0591125488281, 0.8915188908576965
348, 1, 199.80816650390625, 402.5522918701172, 230.9195556640625, 434.9082794189453, 0.8922440409660339
349, 1, 199.63021850585938, 402.4179992675781, 230.89846801757812, 434.99249267578125, 0.8889156579971313
350, 1, 198.75039672851562, 402.4826965332031, 230.5213623046875, 434.6138000488281, 0.8928602933883667
351, 1, 198.46731567382812, 402.4826965332031, 230.90631103515625, 434.8211975097656, 0.8913047909736633
352, 1, 198.4019775390625, 402.5672302246094, 230.88165283203125, 434.5700988769531, 0.894371509552002
353, 1, 198.41246032714844, 402.579345703125, 230.8734588623047, 434.62493896484375, 0.8947021961212158
354, 1, 198.05535888671875, 402.7427673339844, 231.0157470703125, 434.3233947753906, 0.8994497060775757
355, 1, 198.94342041015625, 402.78346252441406, 230.78598022460938, 434.43479919433594, 0.8937715291976929
356, 1, 198.9071044921875, 402.8199768066406, 230.82269287109375, 434.7555236816406, 0.9008461236953735
357, 1, 198.98480224609375, 402.6427001953125, 230.64892578125, 434.94873046875, 0.8875354528427124
358, 1, 199.00033569335938, 402.6134948730469, 230.97088623046875, 435.226806640625, 0.8918906450271606
359, 1, 198.98117065429688, 402.7322998046875, 230.98773193359375, 435.12054443359375, 0.8921726942062378
360, 1, 199.20486450195312, 402.84063720703125, 231.01278686523438, 435.3641357421875, 0.9036057591438293
361, 1, 199.4097137451172, 402.75953674316406, 230.91578674316406, 435.5485076904297, 0.8964207172393799
362, 1, 199.455322265625, 402.75938415527344, 230.548828125, 435.47361755371094, 0.8844174742698669
363, 1, 199.770751953125, 402.67816162109375, 230.35195922851562, 435.375, 0.8871650695800781
364, 1, 199.53009033203125, 402.6863098144531, 229.75570678710938, 435.5737609863281, 0.8859207034111023
365, 1, 199.47650146484375, 402.6851806640625, 229.7763671875, 435.6688537597656, 0.8852573037147522
366, 1, 199.31863403320312, 402.76417541503906, 229.65060424804688, 435.6134796142578, 0.890749454498291
367, 1, 199.6817626953125, 402.64666748046875, 230.37164306640625, 435.525390625, 0.892009973526001
368, 1, 199.882568359375, 402.7011260986328, 230.35394287109375, 435.61647033691406, 0.8945304751396179
369, 1, 199.833251953125, 402.8311767578125, 230.24822998046875, 435.337158203125, 0.893140971660614
370, 1, 200.09893798828125, 402.6872100830078, 229.9346923828125, 435.74745178222656, 0.8883230686187744
371, 1, 200.19085693359375, 402.6945495605469, 229.9383544921875, 435.7488708496094, 0.8881616592407227
372, 1, 200.51846313476562, 402.6454162597656, 230.35757446289062, 435.9894714355469, 0.8860193490982056
373, 1, 200.56556701660156, 402.6050720214844, 230.04026794433594, 435.6865539550781, 0.8884674906730652
374, 1, 200.8877716064453, 402.5858459472656, 230.42018127441406, 435.8427429199219, 0.8864609003067017
375, 1, 200.83770751953125, 402.6391906738281, 230.85455322265625, 436.2805480957031, 0.8868899941444397
376, 1, 200.84793090820312, 402.6335906982422, 230.06109619140625, 436.24720764160156, 0.8879017233848572
377, 1, 200.69232177734375, 402.52110290527344, 230.03570556640625, 436.4728546142578, 0.8866831660270691
378, 1, 200.31063842773438, 402.4568176269531, 230.05105590820312, 436.26654052734375, 0.8844779133796692
379, 1, 200.40969848632812, 402.6098937988281, 229.97378540039062, 436.1263122558594, 0.8823214173316956
380, 1, 200.44186401367188, 402.1158905029297, 230.06967163085938, 436.47776794433594, 0.8842759728431702
381, 1, 200.45819091796875, 402.1975555419922, 230.16864013671875, 436.21507263183594, 0.8842789530754089
382, 1, 200.43692016601562, 402.1214141845703, 230.21353149414062, 436.49415588378906, 0.8868967890739441
383, 1, 200.44326782226562, 402.1372985839844, 230.25869750976562, 436.5056457519531, 0.8866328597068787
384, 1, 200.64544677734375, 402.5203552246094, 230.2021484375, 436.9484558105469, 0.8879878520965576
385, 1, 200.64083862304688, 402.5733642578125, 230.37020874023438, 436.8329162597656, 0.8864783644676208
386, 1, 200.74244689941406, 402.501708984375, 229.98023986816406, 436.70849609375, 0.8877342939376831
387, 1, 200.66734313964844, 402.548583984375, 229.8290557861328, 436.62408447265625, 0.8871557116508484
388, 1, 200.67971801757812, 402.17491149902344, 229.79849243164062, 436.4110565185547, 0.8866042494773865
389, 1, 200.67288208007812, 402.1672668457031, 229.79159545898438, 436.2939147949219, 0.8858978152275085
390, 1, 200.53762817382812, 402.1792297363281, 229.89639282226562, 436.0980224609375, 0.8864181041717529
391, 1, 200.525634765625, 402.1650390625, 229.6884765625, 435.6861572265625, 0.8882139921188354
392, 1, 200.45826721191406, 402.2333984375, 229.68141174316406, 435.4892272949219, 0.8889347910881042
393, 1, 200.39108276367188, 402.2853088378906, 229.49160766601562, 435.1861267089844, 0.8883522152900696
394, 1, 200.38124084472656, 402.2696533203125, 229.57322692871094, 435.20623779296875, 0.8882081508636475
395, 1, 200.24200439453125, 402.2142028808594, 229.54022216796875, 435.2364196777344, 0.8862925171852112
396, 1, 200.03839111328125, 402.3071594238281, 229.53460693359375, 435.4210510253906, 0.8849910497665405
397, 1, 200.00079345703125, 402.1632995605469, 229.84185791015625, 435.4832458496094, 0.8854545950889587
398, 1, 199.89181518554688, 402.1220703125, 229.58993530273438, 435.5704345703125, 0.8861826062202454
399, 1, 200.13046264648438, 402.20672607421875, 229.46859741210938, 435.23260498046875, 0.885698676109314
400, 1, 200.0448760986328, 402.3095703125, 229.3532257080078, 435.45068359375, 0.8884995579719543
401, 1, 200.01023864746094, 402.3274230957031, 229.3323516845703, 435.4175720214844, 0.8882158398628235
402, 1, 199.9588623046875, 402.3419494628906, 229.3302001953125, 435.5583801269531, 0.8893360495567322
403, 1, 200.0806121826172, 402.3090057373047, 229.62757873535156, 435.88868713378906, 0.8907845616340637
404, 1, 199.84793090820312, 402.3610382080078, 229.57803344726562, 435.82505798339844, 0.8935614228248596
405, 1, 200.44070434570312, 402.4010772705078, 229.68716430664062, 434.83741760253906, 0.8920927047729492
406, 1, 200.02667236328125, 402.7418518066406, 229.338134765625, 435.1418151855469, 0.8949596285820007
407, 1, 200.10873413085938, 402.76751708984375, 229.37216186523438, 435.08740234375, 0.8949034810066223
408, 1, 198.6669921875, 402.7367858886719, 229.22021484375, 435.2444763183594, 0.8962277173995972
409, 1, 198.43917846679688, 402.68092346191406, 229.26229858398438, 435.48228454589844, 0.896358072757721
410, 1, 198.5181884765625, 402.7364807128906, 229.45660400390625, 435.2577209472656, 0.8963891863822937
411, 1, 198.6244659423828, 402.7592315673828, 229.35289001464844, 435.42149353027344, 0.8964205980300903
412, 1, 199.66476440429688, 402.74298095703125, 229.51724243164062, 435.54412841796875, 0.8946670889854431
413, 1, 199.63882446289062, 402.7566223144531, 229.50729370117188, 435.5491638183594, 0.8947392106056213
414, 1, 199.76800537109375, 402.7036895751953, 229.2904052734375, 435.4171905517578, 0.8938406705856323
415, 1, 199.83868408203125, 402.8310241699219, 229.26336669921875, 435.3461608886719, 0.8931997418403625
416, 1, 199.7607421875, 402.6856384277344, 229.73736572265625, 435.0029602050781, 0.8930578827857971
417, 1, 199.79046630859375, 402.59326171875, 229.97955322265625, 435.171630859375, 0.8907195329666138
418, 1, 199.46212768554688, 402.5575408935547, 230.18844604492188, 435.29185485839844, 0.8899017572402954
419, 1, 199.4111785888672, 402.5234680175781, 230.28041076660156, 435.2999572753906, 0.8906996846199036
420, 1, 199.54949951171875, 402.61415100097656, 229.97341918945312, 435.0227813720703, 0.8912764191627502
421, 1, 199.63970947265625, 402.7481994628906, 230.0775146484375, 435.4148254394531, 0.8909046649932861
422, 1, 199.69679260253906, 402.68865966796875, 230.97276306152344, 433.969482421875, 0.8941716551780701
423, 1, 199.52749633789062, 402.63670349121094, 231.17141723632812, 434.51145935058594, 0.8958452343940735
424, 1, 199.65310668945312, 402.64801025390625, 231.19198608398438, 434.45330810546875, 0.8965705633163452
425, 1, 199.63232421875, 402.66065979003906, 231.0787353515625, 434.40589904785156, 0.896994948387146
426, 1, 200.2998046875, 402.6241455078125, 230.7762451171875, 433.921630859375, 0.8965619206428528
427, 1, 199.87075805664062, 402.4970703125, 230.47775268554688, 434.318115234375, 0.8981655240058899
428, 1, 199.27914428710938, 402.48468017578125, 230.72659301757812, 434.659912109375, 0.8991549015045166
429, 1, 199.15652465820312, 402.64361572265625, 230.60067749023438, 434.9020080566406, 0.898256778717041
430, 1, 199.1722412109375, 402.6974182128906, 230.53530883789062, 435.2078552246094, 0.8972892165184021
431, 1, 199.30026245117188, 402.9221496582031, 230.51748657226562, 435.203857421875, 0.8990558981895447
432, 1, 199.1175537109375, 402.66905212402344, 230.30224609375, 435.8200225830078, 0.896404504776001
433, 1, 199.1300506591797, 402.7375793457031, 230.3651580810547, 435.2011413574219, 0.8988137245178223
434, 1, 199.02940368652344, 402.7581481933594, 230.3429412841797, 434.9606628417969, 0.8984969258308411
435, 1, 199.02932739257812, 402.8014831542969, 229.94949340820312, 434.8705749511719, 0.8989344239234924
436, 1, 199.01251220703125, 402.8081359863281, 229.9405517578125, 434.8846740722656, 0.8990193009376526
437, 1, 199.0162353515625, 402.83111572265625, 230.39651489257812, 435.0556640625, 0.8993725776672363
438, 1, 198.99331665039062, 402.8828582763672, 230.37875366210938, 435.0720977783203, 0.898643970489502
439, 1, 198.95721435546875, 402.9589538574219, 230.24710083007812, 435.1369323730469, 0.8985661864280701
440, 1, 199.029541015625, 403.0205993652344, 229.76788330078125, 435.3346862792969, 0.8969665765762329
441, 1, 199.1295166015625, 403.046142578125, 229.690185546875, 435.26849365234375, 0.8957508206367493
442, 1, 199.10848999023438, 403.0833435058594, 229.67178344726562, 435.2763366699219, 0.8955230712890625
443, 1, 199.0758819580078, 403.0245056152344, 230.07493591308594, 435.2362976074219, 0.8958516716957092
444, 1, 199.1402587890625, 402.9911804199219, 230.4044189453125, 435.4329528808594, 0.894562840461731
445, 1, 199.18496704101562, 403.0457458496094, 230.52783203125, 435.4324645996094, 0.8945668935775757
446, 1, 199.255615234375, 402.89373779296875, 230.1689453125, 435.420654296875, 0.8942405581474304
447, 1, 199.23143005371094, 402.8911437988281, 230.17250061035156, 435.42327880859375, 0.8944070339202881
448, 1, 199.0487060546875, 402.86083984375, 229.98907470703125, 435.3602294921875, 0.895942747592926
449, 1, 198.946044921875, 402.89752197265625, 229.93963623046875, 435.24713134765625, 0.8964530825614929
